# relative_time, cycles_done, cur_item, corpus_count, pending_total, pending_favs, map_size, saved_crashes, saved_hangs, max_depth, execs_per_sec, total_execs, edges_found
61, 6, 0, 42, 12, 0, 2.29%, 0, 0, 5, 3221.13, 226572, 10386
66, 6, 0, 42, 11, 0, 2.29%, 0, 0, 5, 4481.07, 250253, 10386
71, 6, 0, 42, 10, 0, 2.29%, 0, 0, 5, 3910.63, 265527, 10386
76, 6, 31, 42, 9, 0, 2.29%, 0, 0, 5, 4648.78, 289944, 10386
81, 7, 0, 43, 9, 0, 2.29%, 0, 0, 5, 5557.86, 310806, 10386
87, 7, 0, 43, 9, 0, 2.29%, 0, 0, 5, 4208.95, 328062, 10386
92, 7, 0, 43, 8, 0, 2.29%, 0, 0, 5, 4716.77, 350326, 10386
97, 8, 41, 43, 7, 0, 2.29%, 0, 0, 5, 3734.13, 368760, 10386
102, 8, 25, 43, 7, 0, 2.29%, 0, 0, 5, 4174.44, 388813, 10386
107, 9, 0, 43, 7, 0, 2.29%, 0, 0, 5, 4399.86, 410048, 10386
112, 9, 0, 43, 7, 0, 2.29%, 0, 0, 5, 4657.46, 434259, 10386
117, 10, 0, 43, 7, 0, 2.29%, 0, 0, 5, 4503.70, 456307, 10386
122, 10, 0, 43, 7, 0, 2.29%, 0, 0, 5, 4832.19, 477973, 10386
128, 10, 25, 43, 7, 0, 2.29%, 0, 0, 5, 5056.06, 499998, 10386
133, 10, 0, 43, 7, 0, 2.29%, 0, 0, 5, 4751.37, 522160, 10386
138, 11, 0, 43, 7, 0, 2.29%, 0, 0, 5, 940.29, 546406, 10386
143, 11, 0, 43, 7, 0, 2.29%, 0, 0, 5, 5497.24, 566354, 10386
148, 11, 0, 43, 6, 0, 2.29%, 0, 0, 5, 5058.84, 591907, 10386
153, 11, 41, 43, 6, 0, 2.29%, 0, 0, 5, 732.51, 612823, 10386
158, 12, 0, 43, 6, 0, 2.29%, 0, 0, 5, 3839.41, 633781, 10386
163, 12, 25, 43, 6, 0, 2.29%, 0, 0, 5, 5300.24, 657551, 10386
169, 12, 41, 43, 6, 0, 2.29%, 0, 0, 5, 3182.49, 665424, 10386
174, 12, 41, 43, 6, 0, 2.29%, 0, 0, 5, 562.54, 682349, 10386
179, 13, 41, 43, 6, 0, 2.29%, 0, 0, 5, 965.94, 702110, 10386
184, 13, 0, 43, 6, 0, 2.29%, 0, 0, 5, 2808.41, 721998, 10386
189, 13, 0, 43, 6, 0, 2.29%, 0, 0, 5, 4036.87, 743316, 10386
194, 14, 0, 43, 6, 0, 2.29%, 0, 0, 5, 4816.22, 769590, 10386
200, 14, 0, 43, 6, 0, 2.29%, 0, 0, 5, 4575.60, 794303, 10386
205, 14, 0, 43, 6, 0, 2.29%, 0, 0, 5, 5196.79, 821519, 10386
210, 15, 0, 43, 6, 0, 2.29%, 0, 0, 5, 4881.78, 841179, 10386
215, 15, 41, 43, 6, 0, 2.29%, 0, 0, 5, 4173.59, 863643, 10386
220, 15, 0, 43, 5, 0, 2.29%, 0, 0, 5, 4457.43, 885127, 10386
225, 16, 0, 43, 5, 0, 2.29%, 0, 0, 5, 4807.52, 910430, 10386
230, 16, 0, 43, 5, 0, 2.29%, 0, 0, 5, 4347.99, 935867, 10386
235, 16, 0, 43, 5, 0, 2.29%, 0, 0, 5, 4278.78, 955964, 10386
240, 16, 41, 43, 5, 0, 2.29%, 0, 0, 5, 3887.11, 975590, 10386
245, 17, 25, 43, 5, 0, 2.29%, 0, 0, 5, 4777.25, 994047, 10386
250, 17, 0, 43, 5, 0, 2.29%, 0, 0, 5, 4888.88, 1009231, 10386
256, 17, 41, 43, 5, 0, 2.29%, 0, 0, 5, 506.92, 1017543, 10386
261, 17, 0, 43, 5, 0, 2.29%, 0, 0, 5, 5444.45, 1036102, 10386
266, 17, 0, 43, 5, 0, 2.29%, 0, 0, 5, 4247.48, 1053956, 10386
271, 18, 0, 43, 5, 0, 2.29%, 0, 0, 5, 5324.64, 1082407, 10386
276, 18, 0, 43, 5, 0, 2.29%, 0, 0, 5, 4039.40, 1099857, 10386
281, 18, 0, 43, 5, 0, 2.29%, 0, 0, 5, 1867.67, 1111295, 10386
286, 18, 41, 43, 5, 0, 2.29%, 0, 0, 5, 2978.36, 1129474, 10386
291, 18, 41, 43, 5, 0, 2.29%, 0, 0, 5, 4184.50, 1152703, 10386
296, 18, 0, 43, 5, 0, 2.29%, 0, 0, 5, 2913.67, 1160447, 10386
301, 18, 0, 43, 5, 0, 2.29%, 0, 0, 5, 4999.57, 1180022, 10386
306, 19, 0, 43, 5, 0, 2.29%, 0, 0, 5, 4560.89, 1200261, 10386
311, 19, 0, 43, 5, 0, 2.29%, 0, 0, 5, 4869.98, 1225705, 10386
316, 19, 0, 43, 5, 0, 2.29%, 0, 0, 5, 4477.21, 1247751, 10386
322, 19, 41, 43, 5, 0, 2.29%, 0, 0, 5, 464.44, 1264683, 10386
327, 19, 41, 43, 5, 0, 2.29%, 0, 0, 5, 5440.17, 1270763, 10386
332, 20, 0, 43, 5, 0, 2.29%, 0, 0, 5, 5062.22, 1295862, 10386
337, 20, 41, 43, 5, 0, 2.29%, 0, 0, 5, 970.99, 1309049, 10386
342, 20, 0, 43, 5, 0, 2.29%, 0, 0, 5, 3467.43, 1326827, 10386
347, 20, 41, 43, 5, 0, 2.29%, 0, 0, 5, 3040.62, 1339430, 10386
352, 20, 0, 43, 5, 0, 2.29%, 0, 0, 5, 4781.56, 1356719, 10386
357, 20, 41, 43, 5, 0, 2.29%, 0, 0, 5, 5435.64, 1366948, 10386
362, 20, 0, 43, 5, 0, 2.29%, 0, 0, 5, 4683.72, 1388122, 10386
368, 21, 0, 43, 5, 0, 2.29%, 0, 0, 5, 4629.08, 1410674, 10386
373, 21, 42, 43, 5, 0, 2.29%, 0, 0, 5, 297.17, 1423487, 10386
378, 21, 29, 43, 4, 0, 2.29%, 0, 0, 5, 4553.03, 1432359, 10386
383, 21, 41, 43, 4, 0, 2.29%, 0, 0, 5, 702.40, 1442752, 10386
388, 21, 0, 43, 4, 0, 2.29%, 0, 0, 5, 4998.88, 1460885, 10386
393, 21, 0, 43, 4, 0, 2.29%, 0, 0, 5, 4636.83, 1484801, 10386
398, 22, 0, 43, 4, 0, 2.29%, 0, 0, 5, 4702.43, 1509827, 10386
403, 22, 0, 43, 4, 0, 2.29%, 0, 0, 5, 5563.41, 1533709, 10386
408, 22, 41, 43, 4, 0, 2.29%, 0, 0, 5, 789.93, 1554503, 10386
413, 22, 41, 43, 4, 0, 2.29%, 0, 0, 5, 586.79, 1557194, 10386
419, 22, 41, 43, 4, 0, 2.29%, 0, 0, 5, 5818.11, 1575903, 10386
424, 23, 0, 43, 4, 0, 2.29%, 0, 0, 5, 5265.95, 1600805, 10386
429, 23, 41, 43, 4, 0, 2.29%, 0, 0, 5, 793.25, 1624533, 10386
434, 23, 25, 43, 4, 0, 2.29%, 0, 0, 5, 3423.29, 1641539, 10386
439, 23, 41, 43, 4, 0, 2.29%, 0, 0, 5, 3000.58, 1656159, 10386
444, 23, 0, 43, 4, 0, 2.29%, 0, 0, 5, 5050.40, 1675075, 10386
449, 23, 0, 43, 4, 0, 2.29%, 0, 0, 5, 5131.08, 1700268, 10386
454, 23, 0, 43, 4, 0, 2.29%, 0, 0, 5, 4845.70, 1721765, 10386
459, 24, 41, 43, 4, 0, 2.29%, 0, 0, 5, 4818.05, 1747729, 10386
464, 24, 41, 43, 4, 0, 2.29%, 0, 0, 5, 499.15, 1750191, 10386
469, 24, 41, 43, 4, 0, 2.29%, 0, 0, 5, 986.29, 1759148, 10386
474, 24, 0, 43, 4, 0, 2.29%, 0, 0, 5, 3524.89, 1779638, 10386
479, 24, 0, 43, 4, 0, 2.29%, 0, 0, 5, 5018.86, 1801615, 10386
484, 24, 0, 43, 4, 0, 2.29%, 0, 0, 5, 4669.69, 1825442, 10386
487, 24, 41, 43, 4, 0, 2.29%, 0, 0, 5, 4511.64, 1835336, 10386
548, 27, 16, 50, 24, 0, 2.29%, 0, 0, 2, 535.89, 147744, 10385
553, 27, 18, 50, 24, 0, 2.29%, 0, 0, 2, 752.78, 159878, 10385
558, 27, 13, 50, 24, 0, 2.29%, 0, 0, 2, 2482.15, 173929, 10385
563, 27, 18, 50, 24, 0, 2.29%, 0, 0, 2, 1832.44, 184187, 10385
568, 27, 42, 50, 23, 0, 2.29%, 0, 0, 2, 2567.31, 195914, 10385
573, 28, 15, 50, 23, 0, 2.29%, 0, 0, 2, 4158.04, 214310, 10385
578, 28, 18, 50, 23, 0, 2.29%, 0, 0, 2, 3323.38, 226788, 10385
583, 28, 13, 50, 20, 0, 2.29%, 0, 0, 2, 3480.33, 245372, 10385
589, 28, 18, 50, 19, 0, 2.29%, 0, 0, 2, 4608.11, 259327, 10385
594, 28, 18, 50, 19, 0, 2.29%, 0, 0, 2, 4749.71, 265345, 10385
599, 28, 18, 50, 19, 0, 2.29%, 0, 0, 2, 3440.12, 280781, 10385
604, 28, 42, 50, 19, 0, 2.29%, 0, 0, 2, 4625.18, 298801, 10385
609, 28, 18, 50, 19, 0, 2.29%, 0, 0, 2, 2679.68, 310596, 10385
614, 28, 13, 50, 19, 0, 2.29%, 0, 0, 2, 570.00, 323488, 10385
619, 28, 18, 50, 18, 0, 2.29%, 0, 0, 2, 1030.69, 340304, 10385
624, 28, 15, 50, 18, 0, 2.29%, 0, 0, 2, 2856.46, 355170, 10385
629, 28, 18, 50, 18, 0, 2.29%, 0, 0, 2, 2060.87, 364253, 10385
634, 29, 15, 50, 18, 0, 2.29%, 0, 0, 2, 759.24, 374847, 10385
640, 29, 18, 50, 18, 0, 2.29%, 0, 0, 2, 2646.06, 385931, 10385
645, 29, 18, 50, 18, 0, 2.29%, 0, 0, 2, 540.39, 397664, 10385
650, 29, 18, 50, 18, 0, 2.29%, 0, 0, 2, 812.68, 403899, 10385
655, 29, 18, 50, 18, 0, 2.29%, 0, 0, 2, 804.37, 408118, 10385
660, 29, 18, 50, 18, 0, 2.29%, 0, 0, 2, 830.88, 417276, 10385
665, 29, 31, 50, 18, 0, 2.29%, 0, 0, 2, 5681.79, 426277, 10385
671, 29, 10, 50, 18, 0, 2.29%, 0, 0, 2, 900.88, 439541, 10385
676, 29, 15, 50, 17, 0, 2.29%, 0, 0, 2, 2653.56, 457538, 10385
681, 29, 42, 50, 17, 0, 2.29%, 0, 0, 2, 1792.67, 474633, 10385
686, 29, 18, 50, 17, 0, 2.29%, 0, 0, 2, 1037.42, 479985, 10385
691, 29, 13, 50, 17, 0, 2.29%, 0, 0, 2, 674.09, 490211, 10385
696, 29, 18, 50, 17, 0, 2.29%, 0, 0, 2, 5202.22, 507468, 10385
701, 29, 18, 50, 17, 0, 2.29%, 0, 0, 2, 570.28, 510431, 10385
706, 29, 18, 50, 17, 0, 2.29%, 0, 0, 2, 694.65, 523329, 10385
711, 29, 18, 50, 17, 0, 2.29%, 0, 0, 2, 737.64, 529563, 10385
717, 29, 18, 50, 17, 0, 2.29%, 0, 0, 2, 496.26, 545779, 10385
722, 29, 18, 50, 17, 0, 2.29%, 0, 0, 2, 5614.88, 550865, 10385
727, 29, 16, 50, 17, 0, 2.29%, 0, 0, 2, 1238.67, 568388, 10385
732, 30, 18, 50, 17, 0, 2.29%, 0, 0, 2, 680.76, 589542, 10385
737, 30, 16, 50, 17, 0, 2.29%, 0, 0, 2, 4490.69, 600710, 10385
742, 30, 15, 51, 18, 0, 2.29%, 0, 0, 2, 4063.57, 617506, 10386
747, 30, 18, 51, 18, 0, 2.29%, 0, 0, 2, 4018.84, 632725, 10386
752, 30, 18, 51, 17, 0, 2.29%, 0, 0, 2, 5139.12, 648325, 10386
758, 30, 31, 51, 17, 0, 2.29%, 0, 0, 2, 4757.99, 666033, 10386
763, 30, 15, 51, 16, 0, 2.29%, 0, 0, 2, 400.57, 683166, 10386
768, 30, 18, 51, 16, 0, 2.29%, 0, 0, 2, 1173.14, 699865, 10386
773, 30, 13, 51, 16, 0, 2.29%, 0, 0, 2, 587.36, 717661, 10386
778, 30, 18, 51, 15, 0, 2.29%, 0, 0, 2, 3470.62, 734599, 10386
783, 30, 42, 51, 15, 0, 2.29%, 0, 0, 2, 610.45, 746236, 10386
788, 30, 39, 51, 15, 0, 2.29%, 0, 0, 2, 907.89, 766727, 10386
793, 30, 18, 51, 15, 0, 2.29%, 0, 0, 2, 1772.33, 778515, 10386
799, 30, 18, 51, 15, 0, 2.29%, 0, 0, 2, 2016.76, 792042, 10386
804, 30, 13, 51, 15, 0, 2.29%, 0, 0, 2, 873.87, 811182, 10386
809, 30, 31, 51, 15, 0, 2.29%, 0, 0, 2, 2672.21, 824645, 10386
814, 30, 18, 51, 15, 0, 2.29%, 0, 0, 2, 2584.82, 836455, 10386
819, 31, 18, 51, 15, 0, 2.29%, 0, 0, 2, 718.69, 848651, 10386
824, 31, 21, 51, 15, 0, 2.29%, 0, 0, 2, 4863.32, 859669, 10386
829, 31, 16, 51, 15, 0, 2.29%, 0, 0, 2, 988.51, 880402, 10386
834, 31, 21, 51, 15, 0, 2.29%, 0, 0, 2, 4744.71, 898372, 10386
839, 31, 39, 51, 15, 0, 2.29%, 0, 0, 2, 984.08, 916144, 10386
845, 31, 15, 51, 15, 0, 2.29%, 0, 0, 2, 3846.67, 938152, 10386
850, 31, 15, 51, 14, 0, 2.29%, 0, 0, 2, 3061.28, 957987, 10386
855, 31, 18, 51, 14, 0, 2.29%, 0, 0, 2, 5253.73, 972647, 10386
860, 31, 18, 51, 14, 0, 2.29%, 0, 0, 2, 748.63, 982319, 10386
865, 31, 15, 51, 14, 0, 2.29%, 0, 0, 2, 4812.45, 995502, 10386
870, 31, 16, 51, 14, 0, 2.29%, 0, 0, 2, 3282.90, 1006600, 10386
875, 31, 39, 51, 14, 0, 2.29%, 0, 0, 2, 4766.07, 1031166, 10386
880, 31, 15, 51, 14, 0, 2.29%, 0, 0, 2, 4801.60, 1045514, 10386
885, 31, 18, 51, 14, 0, 2.29%, 0, 0, 2, 724.76, 1053422, 10386
890, 31, 13, 51, 14, 0, 2.29%, 0, 0, 2, 5742.58, 1065819, 10386
895, 31, 31, 51, 14, 0, 2.29%, 0, 0, 2, 5520.43, 1083444, 10386
901, 31, 13, 51, 14, 0, 2.29%, 0, 0, 2, 2952.61, 1100017, 10386
906, 31, 15, 51, 14, 0, 2.29%, 0, 0, 2, 5706.21, 1114078, 10386
911, 31, 21, 51, 14, 0, 2.29%, 0, 0, 2, 4091.68, 1137033, 10386
916, 32, 13, 51, 14, 0, 2.29%, 0, 0, 2, 4294.72, 1156193, 10386
921, 32, 15, 51, 14, 0, 2.29%, 0, 0, 2, 5153.18, 1176124, 10386
926, 32, 18, 51, 14, 0, 2.29%, 0, 0, 2, 5097.16, 1199400, 10386
931, 32, 18, 51, 14, 0, 2.29%, 0, 0, 2, 755.06, 1213739, 10386
936, 32, 15, 51, 14, 0, 2.29%, 0, 0, 2, 5004.61, 1227588, 10386
941, 32, 18, 51, 14, 0, 2.29%, 0, 0, 2, 4083.84, 1242049, 10386
947, 32, 39, 51, 14, 0, 2.29%, 0, 0, 2, 3586.08, 1255268, 10386
952, 32, 18, 51, 14, 0, 2.29%, 0, 0, 2, 1003.98, 1270159, 10386
957, 32, 31, 51, 14, 0, 2.29%, 0, 0, 2, 2447.97, 1281704, 10386
962, 32, 18, 51, 14, 0, 2.29%, 0, 0, 2, 1151.47, 1286201, 10386
967, 32, 15, 51, 14, 0, 2.29%, 0, 0, 2, 2159.34, 1297763, 10386
972, 32, 21, 51, 14, 0, 2.29%, 0, 0, 2, 5002.56, 1313984, 10386
977, 32, 15, 51, 14, 0, 2.29%, 0, 0, 2, 2031.03, 1332789, 10386
982, 32, 18, 51, 14, 0, 2.29%, 0, 0, 2, 1101.01, 1352907, 10386
987, 32, 18, 51, 14, 0, 2.29%, 0, 0, 2, 1704.53, 1361202, 10386
992, 32, 18, 51, 14, 0, 2.29%, 0, 0, 2, 791.50, 1373696, 10386
997, 32, 18, 51, 14, 0, 2.29%, 0, 0, 2, 571.97, 1378356, 10386
1002, 32, 21, 51, 14, 0, 2.29%, 0, 0, 2, 2543.90, 1390704, 10386
1008, 32, 31, 51, 14, 0, 2.29%, 0, 0, 2, 4956.20, 1409610, 10386
1013, 32, 18, 51, 14, 0, 2.29%, 0, 0, 2, 5208.69, 1430173, 10386
1018, 32, 42, 51, 14, 0, 2.29%, 0, 0, 2, 3039.28, 1451111, 10386
1023, 32, 18, 51, 14, 0, 2.29%, 0, 0, 2, 3391.10, 1471776, 10386
1028, 33, 18, 51, 14, 0, 2.29%, 0, 0, 2, 684.85, 1485996, 10386
1033, 33, 18, 51, 14, 0, 2.29%, 0, 0, 2, 5477.04, 1492573, 10386
1038, 33, 21, 51, 14, 0, 2.29%, 0, 0, 2, 5392.90, 1515140, 10386
1043, 33, 15, 51, 14, 0, 2.29%, 0, 0, 2, 3355.09, 1526910, 10386
1049, 33, 16, 51, 14, 0, 2.29%, 0, 0, 2, 2504.33, 1541205, 10386
1054, 33, 18, 51, 14, 0, 2.29%, 0, 0, 2, 743.66, 1552496, 10386
1058, 33, 18, 51, 14, 0, 2.29%, 0, 0, 2, 3525.91, 1558972, 10386
1119, 34, 34, 71, 34, 0, 2.39%, 0, 0, 2, 3193.54, 1622023, 11072
1124, 35, 29, 71, 32, 0, 2.39%, 0, 0, 2, 2338.15, 1637847, 11072
1129, 35, 29, 71, 31, 0, 2.39%, 0, 0, 2, 669.42, 1656094, 11072
1134, 35, 19, 71, 30, 0, 2.39%, 0, 0, 2, 3894.14, 1671159, 11072
1139, 35, 29, 71, 29, 0, 2.39%, 0, 0, 2, 849.08, 1681174, 11072
1144, 35, 34, 71, 27, 0, 2.39%, 0, 0, 2, 2955.93, 1698617, 11072
1149, 36, 30, 71, 26, 0, 2.39%, 0, 0, 2, 3835.86, 1718593, 11072
1155, 36, 14, 71, 26, 0, 2.39%, 0, 0, 2, 4015.44, 1739063, 11072
1160, 36, 30, 71, 26, 0, 2.39%, 0, 0, 2, 4193.62, 1754869, 11072
1165, 36, 14, 71, 26, 0, 2.39%, 0, 0, 2, 3707.72, 1773579, 11072
1170, 36, 19, 71, 26, 0, 2.39%, 0, 0, 2, 3564.36, 1792656, 11072
1175, 36, 8, 71, 26, 0, 2.39%, 0, 0, 2, 4134.89, 1809118, 11072
1180, 36, 36, 71, 25, 0, 2.39%, 0, 0, 2, 5095.12, 1825947, 11072
1185, 36, 8, 71, 25, 0, 2.39%, 0, 0, 2, 3049.14, 1842130, 11072
1191, 36, 14, 71, 25, 0, 2.39%, 0, 0, 2, 3805.39, 1862537, 11072
1196, 36, 36, 72, 26, 0, 2.39%, 0, 0, 2, 995.86, 1876323, 11072
1201, 37, 14, 72, 26, 0, 2.39%, 0, 0, 2, 2551.09, 1891807, 11072
1206, 37, 30, 72, 26, 0, 2.39%, 0, 0, 2, 947.85, 1907818, 11072
1211, 37, 29, 72, 26, 0, 2.39%, 0, 0, 2, 4427.83, 1925543, 11072
1216, 37, 29, 72, 26, 0, 2.39%, 0, 0, 2, 564.96, 1939037, 11072
1222, 37, 8, 72, 26, 0, 2.39%, 0, 0, 2, 4865.41, 1955763, 11072
1227, 37, 29, 72, 26, 0, 2.39%, 0, 0, 2, 461.94, 1969160, 11072
1232, 37, 14, 72, 26, 0, 2.39%, 0, 0, 2, 1022.05, 1978605, 11072
1237, 37, 34, 72, 26, 0, 2.39%, 0, 0, 2, 2370.63, 1992504, 11072
1242, 37, 29, 72, 25, 0, 2.39%, 0, 0, 2, 3787.55, 2007692, 11072
1247, 37, 30, 72, 25, 0, 2.39%, 0, 0, 2, 4027.40, 2028591, 11072
1252, 37, 29, 72, 25, 0, 2.39%, 0, 0, 2, 728.25, 2044147, 11072
1257, 37, 34, 72, 24, 0, 2.39%, 0, 0, 2, 3616.56, 2060643, 11072
1262, 37, 14, 72, 23, 0, 2.39%, 0, 0, 2, 4943.36, 2075578, 11072
1267, 37, 30, 72, 23, 0, 2.39%, 0, 0, 2, 4855.22, 2095675, 11072
1272, 37, 14, 72, 23, 0, 2.39%, 0, 0, 2, 4587.93, 2118110, 11072
1278, 37, 30, 72, 22, 0, 2.39%, 0, 0, 2, 4424.66, 2139752, 11072
1283, 38, 67, 72, 22, 0, 2.39%, 0, 0, 2, 882.03, 2156247, 11072
1288, 38, 14, 72, 22, 0, 2.39%, 0, 0, 2, 4416.58, 2174190, 11072
1293, 38, 19, 72, 22, 0, 2.39%, 0, 0, 2, 4679.78, 2191921, 11072
1298, 38, 30, 72, 22, 0, 2.39%, 0, 0, 2, 5314.45, 2206265, 11072
1303, 38, 14, 72, 22, 0, 2.39%, 0, 0, 2, 4104.09, 2226309, 11072
1308, 38, 14, 72, 21, 0, 2.39%, 0, 0, 2, 3835.81, 2244788, 11072
1313, 38, 30, 72, 21, 0, 2.39%, 0, 0, 2, 5053.62, 2262764, 11072
1318, 38, 30, 72, 21, 0, 2.39%, 0, 0, 2, 4368.10, 2282070, 11072
1323, 38, 14, 72, 21, 0, 2.39%, 0, 0, 2, 4444.74, 2303994, 11072
1329, 38, 30, 72, 21, 0, 2.39%, 0, 0, 2, 533.85, 2326810, 11072
1334, 38, 14, 72, 21, 0, 2.39%, 0, 0, 2, 3819.83, 2346123, 11072
1339, 38, 29, 72, 19, 0, 2.39%, 0, 0, 2, 2873.04, 2362974, 11072
1344, 38, 29, 72, 19, 0, 2.39%, 0, 0, 2, 541.60, 2379020, 11072
1349, 38, 34, 72, 19, 0, 2.39%, 0, 0, 2, 3542.82, 2395679, 11072
1354, 38, 10, 72, 19, 0, 2.39%, 0, 0, 2, 3540.60, 2412729, 11072
1359, 38, 34, 72, 19, 0, 2.39%, 0, 0, 2, 482.29, 2428908, 11072
1364, 39, 19, 72, 19, 0, 2.39%, 0, 0, 2, 3397.96, 2446336, 11072
1369, 39, 29, 72, 19, 0, 2.39%, 0, 0, 2, 5500.72, 2465567, 11072
1375, 39, 19, 72, 19, 0, 2.39%, 0, 0, 2, 5740.92, 2485629, 11072
1380, 39, 34, 72, 19, 0, 2.39%, 0, 0, 2, 3389.52, 2504199, 11072
1385, 39, 30, 72, 19, 0, 2.39%, 0, 0, 2, 1548.21, 2519499, 11072
1390, 39, 30, 72, 19, 0, 2.39%, 0, 0, 2, 3109.69, 2536615, 11072
1395, 39, 14, 72, 19, 0, 2.39%, 0, 0, 2, 3993.90, 2557649, 11072
1400, 39, 30, 72, 18, 0, 2.39%, 0, 0, 2, 4195.38, 2578184, 11072
1405, 39, 29, 72, 18, 0, 2.39%, 0, 0, 2, 5216.49, 2603999, 11072
1410, 39, 19, 72, 18, 0, 2.39%, 0, 0, 2, 3453.62, 2624345, 11072
1416, 39, 36, 72, 18, 0, 2.39%, 0, 0, 2, 4304.13, 2647779, 11072
1421, 39, 8, 72, 18, 0, 2.39%, 0, 0, 2, 5238.81, 2670629, 11072
1426, 39, 34, 72, 18, 0, 2.39%, 0, 0, 2, 3877.54, 2694568, 11072
1431, 39, 19, 72, 18, 0, 2.39%, 0, 0, 2, 4009.87, 2707892, 11072
1436, 39, 34, 72, 18, 0, 2.39%, 0, 0, 2, 908.31, 2720763, 11072
1441, 39, 34, 72, 18, 0, 2.39%, 0, 0, 2, 607.47, 2734683, 11072
1446, 39, 10, 72, 18, 0, 2.39%, 0, 0, 2, 2925.67, 2748741, 11072
1451, 39, 19, 72, 18, 0, 2.39%, 0, 0, 2, 1607.48, 2760415, 11072
1456, 39, 29, 72, 18, 0, 2.39%, 0, 0, 2, 2086.73, 2773586, 11072
1461, 39, 30, 72, 18, 0, 2.39%, 0, 0, 2, 6160.00, 2788817, 11072
1467, 40, 34, 72, 18, 0, 2.39%, 0, 0, 2, 1674.85, 2803320, 11072
1472, 40, 10, 72, 18, 0, 2.39%, 0, 0, 2, 3107.78, 2818131, 11072
1477, 40, 19, 72, 18, 0, 2.39%, 0, 0, 2, 3553.82, 2837932, 11072
1482, 40, 29, 72, 18, 0, 2.39%, 0, 0, 2, 3806.73, 2855019, 11072
1487, 40, 36, 72, 18, 0, 2.39%, 0, 0, 2, 946.16, 2865129, 11072
1492, 40, 30, 72, 18, 0, 2.39%, 0, 0, 2, 1885.08, 2876193, 11072
1497, 40, 29, 72, 18, 0, 2.39%, 0, 0, 2, 512.33, 2887060, 11072
1502, 40, 14, 72, 18, 0, 2.39%, 0, 0, 2, 2932.51, 2900492, 11072
1507, 40, 36, 72, 18, 0, 2.39%, 0, 0, 2, 2142.22, 2910067, 11072
1512, 40, 30, 72, 18, 0, 2.39%, 0, 0, 2, 2459.61, 2922456, 11072
1518, 40, 10, 72, 18, 0, 2.39%, 0, 0, 2, 3435.59, 2939724, 11072
1523, 40, 34, 72, 18, 0, 2.39%, 0, 0, 2, 4120.04, 2957426, 11072
1528, 40, 29, 72, 18, 0, 2.39%, 0, 0, 2, 4772.89, 2978738, 11072
1533, 40, 8, 72, 18, 0, 2.39%, 0, 0, 2, 4133.75, 2994542, 11072
1538, 40, 14, 72, 18, 0, 2.39%, 0, 0, 2, 4674.54, 3014613, 11072
1543, 40, 8, 72, 18, 0, 2.39%, 0, 0, 2, 5110.47, 3034806, 11072
1548, 40, 34, 72, 18, 0, 2.39%, 0, 0, 2, 4593.58, 3057990, 11072
1553, 40, 19, 72, 18, 0, 2.39%, 0, 0, 2, 3464.11, 3079613, 11072
1559, 40, 19, 72, 18, 0, 2.39%, 0, 0, 2, 4742.12, 3097699, 11072
1564, 40, 14, 72, 18, 0, 2.39%, 0, 0, 2, 4800.53, 3116003, 11072
1569, 40, 30, 72, 18, 0, 2.39%, 0, 0, 2, 4330.55, 3135597, 11072
1574, 40, 34, 72, 18, 0, 2.39%, 0, 0, 2, 3977.78, 3158162, 11072
1579, 41, 29, 72, 18, 0, 2.39%, 0, 0, 2, 4906.14, 3175777, 11072
1584, 41, 14, 72, 18, 0, 2.39%, 0, 0, 2, 783.19, 3196900, 11072
1589, 41, 30, 72, 18, 0, 2.39%, 0, 0, 2, 4653.38, 3219202, 11072
1594, 41, 14, 72, 18, 0, 2.39%, 0, 0, 2, 2612.61, 3237172, 11072
1599, 41, 30, 72, 18, 0, 2.39%, 0, 0, 2, 3833.89, 3253646, 11072
1605, 41, 34, 72, 18, 0, 2.39%, 0, 0, 2, 3733.82, 3273145, 11072
1610, 41, 30, 72, 18, 0, 2.39%, 0, 0, 2, 5010.15, 3292720, 11072
1615, 41, 29, 72, 18, 0, 2.39%, 0, 0, 2, 3711.59, 3314468, 11072
1620, 41, 14, 72, 18, 0, 2.39%, 0, 0, 2, 2219.02, 3332055, 11072
1625, 41, 29, 72, 18, 0, 2.39%, 0, 0, 2, 3434.57, 3353837, 11072
1630, 41, 8, 72, 18, 0, 2.39%, 0, 0, 2, 4391.66, 3374696, 11072
1636, 41, 14, 72, 17, 0, 2.39%, 0, 0, 2, 4449.94, 3396005, 11072
1641, 41, 34, 72, 16, 0, 2.39%, 0, 0, 2, 3583.03, 3410718, 11072
1646, 41, 29, 72, 16, 0, 2.39%, 0, 0, 2, 5855.72, 3427436, 11072
1651, 41, 30, 72, 16, 0, 2.39%, 0, 0, 2, 4481.01, 3444918, 11072
1656, 41, 19, 72, 16, 0, 2.39%, 0, 0, 2, 4570.20, 3467599, 11072
1661, 41, 14, 72, 16, 0, 2.39%, 0, 0, 2, 420.29, 3490099, 11072
1666, 41, 30, 72, 16, 0, 2.39%, 0, 0, 2, 4724.86, 3513196, 11072
1671, 41, 36, 72, 15, 0, 2.39%, 0, 0, 2, 4542.17, 3536485, 11072
1677, 42, 29, 72, 15, 0, 2.39%, 0, 0, 2, 4230.67, 3553971, 11072
1682, 42, 14, 72, 15, 0, 2.39%, 0, 0, 2, 3486.15, 3573945, 11072
1687, 42, 14, 72, 15, 0, 2.39%, 0, 0, 2, 4418.15, 3596850, 11072
1692, 42, 29, 72, 15, 0, 2.39%, 0, 0, 2, 4673.24, 3620446, 11072
1697, 42, 19, 72, 15, 0, 2.39%, 0, 0, 2, 4642.79, 3644554, 11072
1702, 42, 14, 72, 15, 0, 2.39%, 0, 0, 2, 3296.05, 3664519, 11072
1707, 42, 14, 72, 15, 0, 2.39%, 0, 0, 2, 5299.20, 3685538, 11072
1712, 42, 29, 72, 15, 0, 2.39%, 0, 0, 2, 5128.41, 3707845, 11072
1718, 42, 36, 72, 15, 0, 2.39%, 0, 0, 2, 4157.55, 3726394, 11072
1723, 42, 34, 72, 15, 0, 2.39%, 0, 0, 2, 5069.71, 3743647, 11072
1728, 42, 30, 72, 15, 0, 2.39%, 0, 0, 2, 3999.53, 3763157, 11072
1733, 42, 8, 72, 15, 0, 2.39%, 0, 0, 2, 2603.98, 3784190, 11072
1738, 42, 36, 72, 15, 0, 2.39%, 0, 0, 2, 3638.94, 3804597, 11072
1743, 42, 29, 72, 15, 0, 2.39%, 0, 0, 2, 3907.31, 3825796, 11072
1748, 42, 8, 72, 15, 0, 2.39%, 0, 0, 2, 4469.00, 3847027, 11072
1753, 42, 14, 72, 15, 0, 2.39%, 0, 0, 2, 4488.52, 3870086, 11072
1758, 42, 30, 72, 15, 0, 2.39%, 0, 0, 2, 4112.75, 3889157, 11072
1763, 42, 36, 72, 15, 0, 2.39%, 0, 0, 2, 508.88, 3903675, 11072
1768, 43, 29, 72, 15, 0, 2.39%, 0, 0, 2, 3902.95, 3922430, 11072
1773, 43, 8, 72, 15, 0, 2.39%, 0, 0, 2, 4373.31, 3944215, 11072
1778, 43, 8, 72, 15, 0, 2.39%, 0, 0, 2, 3990.87, 3963435, 11072
1784, 43, 67, 72, 15, 0, 2.39%, 0, 0, 2, 5134.33, 3983938, 11072
1789, 43, 8, 72, 15, 0, 2.39%, 0, 0, 2, 4252.78, 4005039, 11072
1794, 43, 34, 72, 15, 0, 2.39%, 0, 0, 2, 755.32, 4024935, 11072
1799, 43, 14, 72, 15, 0, 2.39%, 0, 0, 2, 3409.63, 4043627, 11072
1804, 43, 14, 72, 15, 0, 2.39%, 0, 0, 2, 4127.50, 4065048, 11072
1809, 43, 34, 72, 15, 0, 2.39%, 0, 0, 2, 545.45, 4082631, 11072
1814, 43, 36, 72, 15, 0, 2.39%, 0, 0, 2, 3895.85, 4100895, 11072
1819, 43, 29, 72, 15, 0, 2.39%, 0, 0, 2, 729.37, 4120581, 11072
1824, 43, 29, 72, 15, 0, 2.39%, 0, 0, 2, 2531.21, 4137727, 11072
1830, 43, 14, 72, 15, 0, 2.39%, 0, 0, 2, 4230.94, 4161880, 11072
1835, 43, 34, 72, 15, 0, 2.39%, 0, 0, 2, 3606.55, 4178072, 11072
1840, 43, 34, 72, 15, 0, 2.39%, 0, 0, 2, 3809.94, 4198367, 11072
1845, 43, 29, 72, 15, 0, 2.39%, 0, 0, 2, 890.48, 4219554, 11072
1850, 43, 34, 72, 15, 0, 2.39%, 0, 0, 2, 3684.91, 4241915, 11072
1855, 43, 36, 72, 15, 0, 2.39%, 0, 0, 2, 4269.46, 4264011, 11072
1860, 43, 8, 72, 15, 0, 2.39%, 0, 0, 2, 4730.02, 4282740, 11072
1865, 43, 14, 72, 15, 0, 2.39%, 0, 0, 2, 4452.80, 4303120, 11072
1870, 44, 30, 72, 15, 0, 2.39%, 0, 0, 2, 4707.95, 4327929, 11072
1875, 44, 29, 72, 15, 0, 2.39%, 0, 0, 2, 4596.86, 4350423, 11072
1880, 44, 8, 72, 15, 0, 2.39%, 0, 0, 2, 3803.33, 4368466, 11072
1886, 44, 14, 72, 15, 0, 2.39%, 0, 0, 2, 3892.33, 4388476, 11072
1891, 44, 19, 72, 15, 0, 2.39%, 0, 0, 2, 5131.05, 4410231, 11072
1896, 44, 30, 72, 15, 0, 2.39%, 0, 0, 2, 3533.39, 4427701, 11072
1901, 44, 29, 72, 15, 0, 2.39%, 0, 0, 2, 3964.61, 4447983, 11072
1906, 44, 14, 72, 15, 0, 2.39%, 0, 0, 2, 4380.03, 4471381, 11072
1911, 44, 30, 72, 15, 0, 2.39%, 0, 0, 2, 4185.79, 4492319, 11072
1916, 44, 34, 72, 15, 0, 2.39%, 0, 0, 2, 4229.28, 4513754, 11072
1921, 44, 34, 72, 15, 0, 2.39%, 0, 0, 2, 4631.14, 4533604, 11072
1927, 44, 29, 72, 15, 0, 2.39%, 0, 0, 2, 4395.22, 4548061, 11072
1932, 44, 34, 72, 15, 0, 2.39%, 0, 0, 2, 2856.85, 4562736, 11072
1937, 44, 10, 72, 15, 0, 2.39%, 0, 0, 2, 4329.75, 4585945, 11072
1942, 44, 14, 72, 15, 0, 2.39%, 0, 0, 2, 3850.02, 4605598, 11072
1947, 44, 19, 72, 15, 0, 2.39%, 0, 0, 2, 4940.80, 4623134, 11072
1952, 44, 34, 72, 15, 0, 2.39%, 0, 0, 2, 555.56, 4641116, 11072
1957, 44, 29, 72, 15, 0, 2.39%, 0, 0, 2, 4193.23, 4662886, 11072
1962, 44, 34, 72, 15, 0, 2.39%, 0, 0, 2, 4524.10, 4675621, 11072
1967, 44, 14, 72, 15, 0, 2.39%, 0, 0, 2, 3325.38, 4693526, 11072
1972, 45, 36, 72, 15, 0, 2.39%, 0, 0, 2, 4189.96, 4715988, 11072
1978, 45, 54, 72, 15, 0, 2.39%, 0, 0, 2, 426.54, 4730412, 11072
1983, 45, 30, 72, 15, 0, 2.39%, 0, 0, 2, 5379.66, 4750571, 11072
2318, 45, 30, 72, 15, 0, 2.39%, 0, 0, 2, 0.50, 4759254, 11072
2323, 45, 14, 72, 15, 0, 2.39%, 0, 0, 2, 3896.43, 4779447, 11072
2328, 45, 29, 72, 15, 0, 2.39%, 0, 0, 2, 4847.72, 4802111, 11072
2333, 45, 34, 72, 15, 0, 2.39%, 0, 0, 2, 4722.62, 4822149, 11072
2338, 45, 14, 72, 15, 0, 2.39%, 0, 0, 2, 3545.02, 4836749, 11072
2343, 45, 14, 72, 14, 0, 2.39%, 0, 0, 2, 4723.11, 4859647, 11072
2348, 45, 30, 72, 14, 0, 2.39%, 0, 0, 2, 3782.02, 4877325, 11072
3393, 45, 30, 72, 14, 0, 2.39%, 0, 0, 2, 0.15, 4881094, 11072
4374, 45, 14, 72, 14, 0, 2.39%, 0, 0, 2, 0.29, 4906145, 11072
5338, 45, 19, 72, 14, 0, 2.39%, 0, 0, 2, 0.54, 4929642, 11072
5343, 45, 34, 72, 14, 0, 2.39%, 0, 0, 2, 3723.12, 4951091, 11072
6248, 45, 34, 72, 14, 0, 2.39%, 0, 0, 2, 0.25, 4951317, 11072
7310, 45, 34, 72, 14, 0, 2.39%, 0, 0, 2, 0.17, 4970251, 11072
7315, 45, 29, 72, 13, 0, 2.39%, 0, 0, 2, 3403.52, 4989303, 11072
8233, 45, 29, 72, 13, 0, 2.39%, 0, 0, 2, 0.35, 4989622, 11072
8238, 45, 30, 72, 13, 0, 2.39%, 0, 0, 2, 1088.24, 5009696, 11072
9239, 45, 30, 72, 13, 0, 2.39%, 0, 0, 2, 0.25, 5009951, 11072
9244, 45, 19, 72, 13, 0, 2.39%, 0, 0, 2, 3536.12, 5029669, 11072
10180, 45, 10, 72, 13, 0, 2.39%, 0, 0, 2, 0.69, 5038183, 11072
10185, 45, 36, 72, 13, 0, 2.39%, 0, 0, 2, 4941.23, 5063622, 11072
11185, 45, 36, 72, 13, 0, 2.39%, 0, 0, 2, 0.50, 5064119, 11072
12191, 46, 19, 72, 12, 0, 2.39%, 0, 0, 2, 0.80, 5086107, 11072
12196, 46, 34, 72, 12, 0, 2.39%, 0, 0, 2, 571.43, 5108032, 11072
12900, 46, 34, 72, 12, 0, 2.39%, 0, 0, 2, 0.04, 5108062, 11072
12905, 46, 67, 72, 12, 0, 2.39%, 0, 0, 2, 4358.51, 5131846, 11072
13857, 46, 10, 72, 12, 0, 2.39%, 0, 0, 2, 0.09, 5139678, 11072
13862, 46, 36, 72, 12, 0, 2.39%, 0, 0, 2, 3663.40, 5160573, 11072
14852, 46, 36, 72, 12, 0, 2.39%, 0, 0, 2, 0.22, 5160793, 11072
14857, 46, 34, 72, 12, 0, 2.39%, 0, 0, 2, 973.38, 5178369, 11072
15890, 46, 34, 72, 12, 0, 2.39%, 0, 0, 2, 0.06, 5178426, 11072
16560, 46, 30, 72, 12, 0, 2.39%, 0, 0, 2, 0.77, 5201254, 11072
16565, 46, 29, 72, 12, 0, 2.39%, 0, 0, 2, 4073.51, 5222098, 11072
16570, 46, 30, 72, 12, 0, 2.39%, 0, 0, 2, 4119.65, 5243092, 11072
17493, 46, 30, 72, 12, 0, 2.39%, 0, 0, 2, 0.71, 5245857, 11072
18471, 46, 29, 72, 12, 0, 2.39%, 0, 0, 2, 0.31, 5266057, 11072
19393, 46, 14, 72, 12, 0, 2.39%, 0, 0, 2, 0.05, 5284710, 11072
19398, 46, 14, 72, 12, 0, 2.39%, 0, 0, 2, 5285.27, 5305664, 11072
20015, 46, 14, 72, 12, 0, 2.39%, 0, 0, 2, 0.66, 5306071, 11072
20020, 46, 30, 72, 12, 0, 2.39%, 0, 0, 2, 2074.12, 5326453, 11072
20220, 46, 14, 72, 12, 0, 2.39%, 0, 0, 2, 4.64, 5333860, 11072
20225, 46, 36, 72, 12, 0, 2.39%, 0, 0, 2, 2009.16, 5348939, 11072
21294, 46, 19, 72, 12, 0, 2.39%, 0, 0, 2, 0.50, 5356827, 11072
22257, 46, 10, 72, 12, 0, 2.39%, 0, 0, 2, 0.71, 5381484, 11072
22262, 46, 14, 72, 12, 0, 2.39%, 0, 0, 2, 3906.34, 5403333, 11072
23793, 46, 14, 72, 12, 0, 2.39%, 0, 0, 2, 0.10, 5403491, 11072
23880, 46, 30, 72, 12, 0, 2.39%, 0, 0, 2, 0.96, 5423810, 11072
23885, 46, 10, 72, 12, 0, 2.39%, 0, 0, 2, 4342.44, 5447489, 11072
24894, 47, 19, 72, 12, 0, 2.39%, 0, 0, 2, 0.77, 5456344, 11072
24899, 47, 30, 72, 12, 0, 2.39%, 0, 0, 2, 3943.09, 5478778, 11072
25905, 47, 30, 72, 12, 0, 2.39%, 0, 0, 2, 0.23, 5479013, 11072
26964, 47, 8, 72, 12, 0, 2.39%, 0, 0, 2, 0.85, 5501939, 11072
26969, 47, 10, 72, 12, 0, 2.39%, 0, 0, 2, 4053.37, 5524856, 11072
27987, 47, 10, 72, 12, 0, 2.39%, 0, 0, 2, 0.35, 5525210, 11072
27992, 47, 36, 72, 12, 0, 2.39%, 0, 0, 2, 3488.67, 5542251, 11072
29011, 47, 36, 72, 12, 0, 2.39%, 0, 0, 2, 0.09, 5542340, 11072
29016, 47, 34, 72, 12, 0, 2.39%, 0, 0, 2, 3731.34, 5558193, 11072
29503, 47, 34, 72, 12, 0, 2.39%, 0, 0, 2, 0.34, 5558359, 11072
29508, 47, 34, 72, 12, 0, 2.39%, 0, 0, 2, 3994.11, 5582295, 11072
29513, 47, 34, 72, 12, 0, 2.39%, 0, 0, 2, 1908.92, 5594594, 11072
30545, 47, 30, 72, 12, 0, 2.39%, 0, 0, 2, 0.34, 5602158, 11072
30550, 47, 14, 72, 12, 0, 2.39%, 0, 0, 2, 4460.72, 5621434, 11072
31456, 47, 14, 72, 12, 0, 2.39%, 0, 0, 2, 0.33, 5621734, 11072
31461, 47, 30, 72, 12, 0, 2.39%, 0, 0, 2, 3484.21, 5637740, 11072
32513, 47, 30, 72, 12, 0, 2.39%, 0, 0, 2, 0.34, 5638098, 11072
32518, 47, 29, 72, 12, 0, 2.39%, 0, 0, 2, 539.53, 5653896, 11072
33470, 47, 29, 72, 12, 0, 2.39%, 0, 0, 2, 0.06, 5653955, 11072
34643, 47, 29, 72, 12, 0, 2.39%, 0, 0, 2, 0.07, 5675507, 11072
34648, 47, 34, 72, 12, 0, 2.39%, 0, 0, 2, 4433.74, 5695214, 11072
35608, 47, 34, 72, 12, 0, 2.39%, 0, 0, 2, 0.54, 5695730, 11072
36526, 47, 34, 72, 12, 0, 2.39%, 0, 0, 2, 0.67, 5713516, 11072
37590, 47, 36, 72, 12, 0, 2.39%, 0, 0, 2, 0.66, 5735995, 11072
37595, 47, 34, 72, 12, 0, 2.39%, 0, 0, 2, 2706.47, 5752477, 11072
38656, 47, 34, 72, 12, 0, 2.39%, 0, 0, 2, 0.31, 5752807, 11072
39664, 47, 29, 72, 12, 0, 2.39%, 0, 0, 2, 0.19, 5770333, 11072
40651, 47, 14, 72, 12, 0, 2.39%, 0, 0, 2, 1.25, 5792776, 11072
41829, 47, 29, 72, 12, 0, 2.39%, 0, 0, 2, 0.18, 5814221, 11072
41834, 47, 14, 72, 12, 0, 2.39%, 0, 0, 2, 3840.77, 5837156, 11072
41839, 48, 30, 72, 12, 0, 2.39%, 0, 0, 2, 4604.21, 5861443, 11072
41844, 48, 36, 72, 12, 0, 2.39%, 0, 0, 2, 4789.73, 5885958, 11072
41850, 48, 34, 72, 12, 0, 2.39%, 0, 0, 2, 5205.05, 5908761, 11072
41855, 48, 29, 72, 12, 0, 2.39%, 0, 0, 2, 4522.90, 5931604, 11072
42889, 48, 29, 72, 12, 0, 2.39%, 0, 0, 2, 0.26, 5932621, 11072
42894, 48, 30, 72, 12, 0, 2.39%, 0, 0, 2, 5458.17, 5951664, 11072
43964, 48, 30, 72, 12, 0, 2.39%, 0, 0, 2, 0.38, 5952072, 11072
45018, 48, 34, 72, 12, 0, 2.39%, 0, 0, 2, 0.13, 5971264, 11072
46017, 48, 8, 72, 12, 0, 2.39%, 0, 0, 2, 0.30, 5992321, 11072
47054, 48, 19, 72, 12, 0, 2.39%, 0, 0, 2, 0.08, 6010210, 11072
48133, 48, 34, 72, 12, 0, 2.39%, 0, 0, 2, 0.53, 6025510, 11072
49053, 48, 30, 72, 12, 0, 2.39%, 0, 0, 2, 0.22, 6047538, 11072
49596, 48, 32, 72, 12, 0, 2.39%, 0, 0, 2, 1.10, 6070681, 11072
49601, 48, 14, 72, 12, 0, 2.39%, 0, 0, 2, 4784.16, 6093385, 11072
50513, 48, 8, 72, 12, 0, 2.39%, 0, 0, 2, 0.12, 6104221, 11072
50518, 48, 34, 72, 12, 0, 2.39%, 0, 0, 2, 4278.95, 6126492, 11072
51587, 48, 34, 72, 12, 0, 2.39%, 0, 0, 2, 0.36, 6126878, 11072
51675, 48, 19, 72, 12, 0, 2.39%, 0, 0, 2, 6.26, 6149765, 11072
51680, 48, 36, 72, 12, 0, 2.39%, 0, 0, 2, 4158.45, 6173437, 11072
52720, 48, 34, 72, 12, 0, 2.39%, 0, 0, 2, 0.32, 6189762, 11072
53654, 48, 34, 72, 12, 0, 2.39%, 0, 0, 2, 0.65, 6209319, 11072
53659, 48, 30, 72, 12, 0, 2.39%, 0, 0, 2, 622.72, 6227917, 11072
54643, 48, 30, 72, 12, 0, 2.39%, 0, 0, 2, 0.62, 6228529, 11072
55599, 48, 30, 72, 12, 0, 2.39%, 0, 0, 2, 0.95, 6251055, 11072
56575, 49, 29, 72, 12, 0, 2.39%, 0, 0, 2, 1.51, 6268153, 11072
56580, 49, 29, 72, 12, 0, 2.39%, 0, 0, 2, 3955.12, 6287236, 11072
57537, 49, 29, 72, 12, 0, 2.39%, 0, 0, 2, 0.39, 6287613, 11072
58506, 49, 29, 72, 12, 0, 2.39%, 0, 0, 2, 0.48, 6310042, 11072
58511, 49, 8, 72, 12, 0, 2.39%, 0, 0, 2, 3637.42, 6329106, 11072
58936, 49, 8, 72, 12, 0, 2.39%, 0, 0, 2, 0.55, 6329340, 11072
58941, 49, 14, 72, 12, 0, 2.39%, 0, 0, 2, 3450.47, 6345004, 11072
59842, 49, 8, 72, 12, 0, 2.39%, 0, 0, 2, 0.20, 6356230, 11072
59847, 49, 34, 72, 12, 0, 2.39%, 0, 0, 2, 4393.06, 6375344, 11072
60800, 49, 67, 72, 12, 0, 2.39%, 0, 0, 2, 0.14, 6375480, 11072
60805, 49, 30, 72, 12, 0, 2.39%, 0, 0, 2, 3819.99, 6396630, 11072
61741, 49, 30, 72, 12, 0, 2.39%, 0, 0, 2, 0.30, 6396907, 11072
61746, 49, 14, 72, 12, 0, 2.39%, 0, 0, 2, 3824.38, 6417295, 11072
62597, 49, 14, 72, 12, 0, 2.39%, 0, 0, 2, 0.18, 6417447, 11072
62602, 49, 8, 72, 12, 0, 2.39%, 0, 0, 2, 4169.67, 6439519, 11072
62609, 49, 8, 72, 12, 0, 2.39%, 0, 0, 2, 65.22, 6453097, 11072
62614, 49, 29, 72, 12, 0, 2.39%, 0, 0, 2, 4494.06, 6474910, 11072
63678, 49, 30, 72, 12, 0, 2.39%, 0, 0, 2, 0.41, 6484711, 11072
64620, 49, 30, 72, 12, 0, 2.39%, 0, 0, 2, 1.07, 6503279, 11072
65698, 49, 30, 72, 12, 0, 2.39%, 0, 0, 2, 0.64, 6525066, 11072
66084, 49, 14, 72, 12, 0, 2.39%, 0, 0, 2, 2.07, 6547995, 11072
66089, 49, 30, 72, 12, 0, 2.39%, 0, 0, 2, 4034.59, 6569251, 11072
66258, 49, 30, 72, 12, 0, 2.39%, 0, 0, 2, 2.44, 6577290, 11072
66263, 49, 34, 72, 12, 0, 2.39%, 0, 0, 2, 2426.63, 6597681, 11072
67202, 49, 29, 72, 12, 0, 2.39%, 0, 0, 2, 0.34, 6604788, 11072
68145, 49, 36, 72, 12, 0, 2.39%, 0, 0, 2, 0.75, 6621845, 11072
69102, 49, 14, 72, 12, 0, 2.39%, 0, 0, 2, 0.92, 6642089, 11072
69107, 50, 34, 72, 12, 0, 2.39%, 0, 0, 2, 3280.91, 6659290, 11072
69919, 50, 34, 72, 12, 0, 2.39%, 0, 0, 2, 0.08, 6659355, 11072
69924, 50, 30, 72, 12, 0, 2.39%, 0, 0, 2, 3516.10, 6679993, 11072
70930, 50, 8, 72, 12, 0, 2.39%, 0, 0, 2, 0.98, 6690291, 11072
70935, 50, 29, 72, 12, 0, 2.39%, 0, 0, 2, 3764.34, 6711185, 11072
71913, 50, 29, 72, 12, 0, 2.39%, 0, 0, 2, 0.40, 6711575, 11072
71918, 50, 14, 72, 12, 0, 2.39%, 0, 0, 2, 4540.24, 6732095, 11072
72877, 50, 14, 72, 12, 0, 2.39%, 0, 0, 2, 0.31, 6732395, 11072
73580, 50, 29, 72, 12, 0, 2.39%, 0, 0, 2, 1.64, 6748148, 11072
73585, 50, 30, 72, 12, 0, 2.39%, 0, 0, 2, 3580.31, 6768093, 11072
74518, 50, 29, 72, 12, 0, 2.39%, 0, 0, 2, 0.08, 6776759, 11072
75510, 50, 29, 72, 12, 0, 2.39%, 0, 0, 2, 0.40, 6796897, 11072
76544, 50, 34, 72, 12, 0, 2.39%, 0, 0, 2, 0.55, 6814691, 11072
77241, 50, 36, 72, 12, 0, 2.39%, 0, 0, 2, 0.71, 6836775, 11072
77246, 50, 34, 72, 12, 0, 2.39%, 0, 0, 2, 4532.02, 6851533, 11072
78246, 50, 30, 72, 12, 0, 2.39%, 0, 0, 2, 0.12, 6857082, 11072
79177, 50, 29, 72, 12, 0, 2.39%, 0, 0, 2, 1.48, 6878766, 11072
79182, 50, 29, 72, 12, 0, 2.39%, 0, 0, 2, 4672.26, 6901558, 11072
80108, 50, 34, 72, 12, 0, 2.39%, 0, 0, 2, 0.20, 6911781, 11072
80113, 50, 19, 72, 12, 0, 2.39%, 0, 0, 2, 4150.67, 6932748, 11072
80902, 50, 19, 72, 12, 0, 2.39%, 0, 0, 2, 0.28, 6932968, 11072
80907, 50, 34, 72, 11, 0, 2.39%, 0, 0, 2, 3754.26, 6950967, 11072
80912, 50, 14, 72, 11, 0, 2.39%, 0, 0, 2, 3860.95, 6969996, 11072
81813, 50, 14, 72, 11, 0, 2.39%, 0, 0, 2, 0.28, 6976823, 11072
82803, 50, 30, 72, 11, 0, 2.39%, 0, 0, 2, 0.53, 6995094, 11072
82808, 50, 29, 72, 11, 0, 2.39%, 0, 0, 2, 4049.43, 7015893, 11072
83741, 50, 29, 72, 11, 0, 2.39%, 0, 0, 2, 0.26, 7016133, 11072
84563, 51, 14, 72, 11, 0, 2.39%, 0, 0, 2, 1.20, 7037012, 11072
84568, 51, 30, 72, 11, 0, 2.39%, 0, 0, 2, 3987.16, 7057313, 11072
85542, 51, 19, 72, 11, 0, 2.39%, 0, 0, 2, 0.64, 7067537, 11072
85547, 51, 19, 72, 10, 0, 2.39%, 0, 0, 2, 3501.31, 7085957, 11072
86595, 51, 19, 72, 10, 0, 2.39%, 0, 0, 2, 0.25, 7086223, 11072
86600, 51, 8, 72, 10, 0, 2.39%, 0, 0, 2, 3096.79, 7103489, 11072
87553, 51, 8, 72, 10, 0, 2.39%, 0, 0, 2, 0.32, 7103797, 11072
87558, 51, 34, 72, 10, 0, 2.39%, 0, 0, 2, 4400.00, 7123069, 11072
88224, 51, 34, 72, 10, 0, 2.39%, 0, 0, 2, 0.11, 7123141, 11072
88229, 51, 30, 72, 10, 0, 2.39%, 0, 0, 2, 4128.45, 7137452, 11072
88357, 51, 29, 72, 10, 0, 2.39%, 0, 0, 2, 9.44, 7149549, 11072
88362, 51, 30, 72, 10, 0, 2.39%, 0, 0, 2, 4810.01, 7170273, 11072
89338, 51, 19, 72, 10, 0, 2.39%, 0, 0, 2, 0.18, 7179015, 11072
90358, 51, 14, 72, 10, 0, 2.39%, 0, 0, 2, 0.67, 7202094, 11072
91411, 51, 34, 72, 10, 0, 2.39%, 0, 0, 2, 1.26, 7223869, 11072
91416, 51, 29, 72, 10, 0, 2.39%, 0, 0, 2, 3647.53, 7243455, 11072
91885, 51, 29, 72, 10, 0, 2.39%, 0, 0, 2, 0.17, 7243533, 11072
91890, 51, 30, 72, 10, 0, 2.39%, 0, 0, 2, 3777.06, 7262821, 11072
91895, 51, 30, 72, 10, 0, 2.39%, 0, 0, 2, 4223.83, 7284537, 11072
91900, 51, 14, 72, 10, 0, 2.39%, 0, 0, 2, 5064.73, 7304645, 11072
92806, 51, 34, 72, 10, 0, 2.39%, 0, 0, 2, 0.51, 7311153, 11072
92811, 51, 34, 72, 10, 0, 2.39%, 0, 0, 2, 32.17, 7312984, 11072
93875, 51, 34, 72, 10, 0, 2.39%, 0, 0, 2, 0.01, 7312994, 11072
94838, 51, 30, 72, 10, 0, 2.39%, 0, 0, 2, 0.44, 7321671, 11072
94843, 51, 29, 72, 10, 0, 2.39%, 0, 0, 2, 2266.51, 7334429, 11072
95546, 51, 29, 72, 10, 0, 2.39%, 0, 0, 2, 0.52, 7334792, 11072
95551, 51, 30, 72, 10, 0, 2.39%, 0, 0, 2, 3507.41, 7347119, 11072
96518, 51, 29, 72, 10, 0, 2.39%, 0, 0, 2, 0.62, 7355981, 11072
96523, 51, 14, 72, 10, 0, 2.39%, 0, 0, 2, 4978.35, 7375928, 11072
97453, 51, 14, 72, 10, 0, 2.39%, 0, 0, 2, 0.22, 7376129, 11072
98486, 51, 30, 72, 10, 0, 2.39%, 0, 0, 2, 0.72, 7398407, 11072
99207, 52, 19, 72, 10, 0, 2.39%, 0, 0, 2, 1.16, 7419996, 11072
99212, 52, 36, 72, 10, 0, 2.39%, 0, 0, 2, 3933.48, 7442361, 11072
100181, 52, 34, 72, 10, 0, 2.39%, 0, 0, 2, 0.08, 7452362, 11072
100186, 52, 14, 72, 10, 0, 2.39%, 0, 0, 2, 1683.95, 7466081, 11072
101211, 52, 14, 72, 10, 0, 2.39%, 0, 0, 2, 0.19, 7466273, 11072
102261, 52, 34, 72, 10, 0, 2.39%, 0, 0, 2, 0.14, 7487324, 11072
102868, 52, 34, 72, 10, 0, 2.39%, 0, 0, 2, 1.84, 7508382, 11072
102873, 52, 29, 72, 10, 0, 2.39%, 0, 0, 2, 4484.34, 7529684, 11072
103924, 52, 30, 72, 10, 0, 2.39%, 0, 0, 2, 0.24, 7538303, 11072
103929, 52, 14, 72, 10, 0, 2.39%, 0, 0, 2, 613.73, 7559375, 11072
104904, 52, 14, 72, 10, 0, 2.39%, 0, 0, 2, 0.27, 7559639, 11072
104909, 52, 10, 72, 10, 0, 2.39%, 0, 0, 2, 5938.72, 7576336, 11072
105885, 52, 65, 72, 10, 0, 2.39%, 0, 0, 2, 0.33, 7576654, 11072
106529, 52, 29, 72, 10, 0, 2.39%, 0, 0, 2, 0.25, 7597499, 11072
106534, 52, 29, 72, 9, 0, 2.39%, 0, 0, 2, 4007.79, 7619857, 11072
107517, 52, 30, 72, 9, 0, 2.39%, 0, 0, 2, 0.22, 7628871, 11072
108556, 52, 29, 72, 9, 0, 2.39%, 0, 0, 2, 0.54, 7651897, 11072
108561, 52, 14, 72, 9, 0, 2.39%, 0, 0, 2, 5435.08, 7672993, 11072
108757, 52, 14, 72, 9, 0, 2.39%, 0, 0, 2, 0.42, 7673076, 11072
108762, 52, 30, 72, 9, 0, 2.39%, 0, 0, 2, 3665.88, 7690681, 11072
109808, 52, 10, 72, 9, 0, 2.39%, 0, 0, 2, 0.48, 7701073, 11072
110729, 52, 19, 72, 9, 0, 2.39%, 0, 0, 2, 0.93, 7722396, 11072
111636, 52, 19, 72, 9, 0, 2.39%, 0, 0, 2, 0.26, 7741783, 11072
111641, 52, 36, 72, 9, 0, 2.39%, 0, 0, 2, 4542.87, 7760857, 11072
112704, 52, 36, 72, 9, 0, 2.39%, 0, 0, 2, 0.25, 7761127, 11072
112709, 53, 29, 72, 9, 0, 2.39%, 0, 0, 2, 642.59, 7776292, 11072
113682, 53, 29, 72, 9, 0, 2.39%, 0, 0, 2, 0.02, 7776313, 11072
113687, 53, 19, 72, 9, 0, 2.39%, 0, 0, 2, 4428.82, 7798676, 11072
114682, 53, 29, 72, 9, 0, 2.39%, 0, 0, 2, 0.39, 7799068, 11072
114687, 53, 8, 72, 9, 0, 2.39%, 0, 0, 2, 4347.59, 7822291, 11072
115743, 53, 8, 72, 9, 0, 2.39%, 0, 0, 2, 0.08, 7822376, 11072
115748, 53, 29, 72, 9, 0, 2.39%, 0, 0, 2, 4191.80, 7842151, 11072
116767, 53, 29, 72, 9, 0, 2.39%, 0, 0, 2, 0.04, 7842195, 11072
116772, 53, 29, 72, 9, 0, 2.39%, 0, 0, 2, 4221.08, 7865463, 11072
117695, 53, 29, 72, 9, 0, 2.39%, 0, 0, 2, 0.09, 7865548, 11072
118763, 53, 14, 72, 9, 0, 2.39%, 0, 0, 2, 0.52, 7885060, 11072
118768, 53, 30, 72, 9, 0, 2.39%, 0, 0, 2, 2820.38, 7899064, 11072
119794, 53, 30, 72, 9, 0, 2.39%, 0, 0, 2, 0.41, 7899485, 11072
120831, 53, 36, 72, 9, 0, 2.39%, 0, 0, 2, 0.46, 7923052, 11072
121752, 53, 34, 72, 9, 0, 2.39%, 0, 0, 2, 0.66, 7943871, 11072
122756, 53, 30, 72, 9, 0, 2.39%, 0, 0, 2, 0.75, 7965708, 11072
122761, 53, 29, 72, 9, 0, 2.39%, 0, 0, 2, 3579.88, 7984049, 11072
123797, 53, 29, 72, 9, 0, 2.39%, 0, 0, 2, 0.06, 7984114, 11072
124701, 53, 10, 72, 9, 0, 2.39%, 0, 0, 2, 0.77, 8002567, 11072
124706, 53, 29, 72, 9, 0, 2.39%, 0, 0, 2, 5207.99, 8017801, 11072
125706, 53, 29, 72, 9, 0, 2.39%, 0, 0, 2, 0.10, 8017901, 11072
126681, 53, 30, 72, 9, 0, 2.39%, 0, 0, 2, 0.39, 8034096, 11072
128330, 53, 29, 72, 9, 0, 2.39%, 0, 0, 2, 0.75, 8053392, 11072
128335, 53, 29, 72, 9, 0, 2.39%, 0, 0, 2, 3690.89, 8073870, 11072
129278, 53, 29, 72, 9, 0, 2.39%, 0, 0, 2, 0.07, 8073937, 11072
130360, 53, 14, 72, 9, 0, 2.39%, 0, 0, 2, 0.37, 8095594, 11072
131392, 53, 14, 72, 9, 0, 2.39%, 0, 0, 2, 0.88, 8117793, 11072
132463, 54, 34, 72, 9, 0, 2.39%, 0, 0, 2, 0.35, 8141778, 11072
132468, 54, 19, 72, 9, 0, 2.39%, 0, 0, 2, 3604.83, 8160280, 11072
133431, 54, 19, 72, 9, 0, 2.39%, 0, 0, 2, 0.55, 8160814, 11072
134458, 54, 36, 72, 8, 0, 2.39%, 0, 0, 2, 0.86, 8182223, 11072
134463, 54, 29, 72, 8, 0, 2.39%, 0, 0, 2, 3825.25, 8200099, 11072
135470, 54, 36, 72, 8, 0, 2.39%, 0, 0, 2, 0.80, 8210517, 11072
136464, 54, 19, 72, 8, 0, 2.39%, 0, 0, 2, 0.39, 8233305, 11072
137420, 54, 14, 72, 8, 0, 2.39%, 0, 0, 2, 0.75, 8248715, 11072
137425, 54, 34, 72, 8, 0, 2.39%, 0, 0, 2, 3641.80, 8268977, 11072
138337, 54, 34, 72, 8, 0, 2.39%, 0, 0, 2, 0.16, 8269121, 11072
138342, 54, 34, 72, 8, 0, 2.39%, 0, 0, 2, 3465.26, 8287169, 11072
139379, 54, 36, 72, 8, 0, 2.39%, 0, 0, 2, 0.26, 8300585, 11072
140323, 54, 29, 72, 8, 0, 2.39%, 0, 0, 2, 1.31, 8320484, 11072
140328, 54, 30, 72, 8, 0, 2.39%, 0, 0, 2, 4662.05, 8344658, 11072
141332, 54, 30, 72, 8, 0, 2.39%, 0, 0, 2, 0.28, 8344937, 11072
141719, 54, 54, 72, 8, 0, 2.39%, 0, 0, 2, 1.01, 8366290, 11072
141724, 54, 29, 72, 8, 0, 2.39%, 0, 0, 2, 3520.17, 8386794, 11072
142760, 54, 29, 72, 8, 0, 2.39%, 0, 0, 2, 0.34, 8396929, 11072
142765, 54, 34, 72, 8, 0, 2.39%, 0, 0, 2, 3225.46, 8413631, 11072
143770, 54, 34, 72, 8, 0, 2.39%, 0, 0, 2, 0.05, 8413686, 11072
144767, 54, 36, 72, 8, 0, 2.39%, 0, 0, 2, 0.84, 8434458, 11072
144772, 54, 36, 72, 8, 0, 2.39%, 0, 0, 2, 3878.18, 8454554, 11072
144797, 54, 36, 72, 8, 0, 2.39%, 0, 0, 2, 22.29, 8455117, 11072
144802, 54, 19, 72, 8, 0, 2.39%, 0, 0, 2, 4537.37, 8480206, 11072
144808, 55, 34, 72, 8, 0, 2.39%, 0, 0, 2, 4904.68, 8497316, 11072
144813, 55, 34, 72, 8, 0, 2.39%, 0, 0, 2, 738.71, 8515190, 11072
145380, 55, 34, 72, 8, 0, 2.39%, 0, 0, 2, 0.02, 8515204, 11072
145385, 55, 36, 72, 8, 0, 2.39%, 0, 0, 2, 3684.58, 8535906, 11072
146328, 55, 30, 72, 8, 0, 2.39%, 0, 0, 2, 1.07, 8543639, 11072
147140, 55, 19, 72, 8, 0, 2.39%, 0, 0, 2, 0.53, 8568378, 11072
147145, 55, 8, 72, 8, 0, 2.39%, 0, 0, 2, 4357.94, 8592724, 11072
147195, 55, 14, 72, 8, 0, 2.39%, 0, 0, 2, 5.88, 8601402, 11072
147200, 55, 29, 72, 8, 0, 2.39%, 0, 0, 2, 4735.00, 8622793, 11072
147340, 55, 34, 72, 8, 0, 2.39%, 0, 0, 2, 4.63, 8629316, 11072
147346, 55, 14, 72, 8, 0, 2.39%, 0, 0, 2, 3283.53, 8647277, 11072
147351, 55, 34, 72, 8, 0, 2.39%, 0, 0, 2, 4152.28, 8669588, 11072
147474, 55, 34, 72, 8, 0, 2.39%, 0, 0, 2, 2.44, 8670757, 11072
147479, 55, 19, 72, 8, 0, 2.39%, 0, 0, 2, 3016.37, 8686394, 11072
147484, 55, 30, 72, 8, 0, 2.39%, 0, 0, 2, 3010.79, 8701148, 11072
147489, 55, 29, 72, 8, 0, 2.39%, 0, 0, 2, 3669.49, 8719490, 11072
147494, 55, 19, 72, 8, 0, 2.39%, 0, 0, 2, 4129.22, 8741338, 11072
147499, 55, 34, 72, 8, 0, 2.39%, 0, 0, 2, 4504.63, 8763865, 11072
147504, 55, 29, 72, 8, 0, 2.39%, 0, 0, 2, 4095.70, 8784050, 11072
147510, 55, 29, 72, 8, 0, 2.39%, 0, 0, 2, 599.22, 8803184, 11072
147515, 55, 36, 72, 8, 0, 2.39%, 0, 0, 2, 3843.21, 8823337, 11072
147520, 55, 30, 72, 8, 0, 2.39%, 0, 0, 2, 4522.50, 8847140, 11072
147525, 55, 34, 72, 8, 0, 2.39%, 0, 0, 2, 4303.33, 8870105, 11072
147530, 56, 34, 72, 8, 0, 2.39%, 0, 0, 2, 4188.39, 8890716, 11072
147536, 56, 30, 72, 8, 0, 2.39%, 0, 0, 2, 2566.07, 8902658, 11072
147541, 56, 30, 72, 8, 0, 2.39%, 0, 0, 2, 3378.16, 8906954, 11072
147546, 56, 34, 72, 8, 0, 2.39%, 0, 0, 2, 541.61, 8921320, 11072
147551, 56, 14, 72, 8, 0, 2.39%, 0, 0, 2, 3782.31, 8939672, 11072
147556, 56, 34, 72, 8, 0, 2.39%, 0, 0, 2, 1215.86, 8958122, 11072
147561, 56, 14, 72, 8, 0, 2.39%, 0, 0, 2, 1484.48, 8965990, 11072
147566, 56, 19, 72, 8, 0, 2.39%, 0, 0, 2, 4577.84, 8984081, 11072
147571, 56, 36, 72, 8, 0, 2.39%, 0, 0, 2, 3573.04, 9002049, 11072
147576, 56, 30, 72, 8, 0, 2.39%, 0, 0, 2, 2197.94, 9015281, 11072
147581, 56, 14, 72, 8, 0, 2.39%, 0, 0, 2, 3717.32, 9038068, 11072
147586, 56, 29, 72, 8, 0, 2.39%, 0, 0, 2, 4420.97, 9060452, 11072
147591, 56, 19, 72, 8, 0, 2.39%, 0, 0, 2, 4569.72, 9083750, 11072
147596, 56, 36, 72, 8, 0, 2.39%, 0, 0, 2, 4328.39, 9106070, 11072
147601, 56, 14, 72, 7, 0, 2.39%, 0, 0, 2, 4468.27, 9128310, 11072
147607, 56, 30, 72, 7, 0, 2.39%, 0, 0, 2, 5844.93, 9140574, 11072
147612, 56, 8, 72, 7, 0, 2.39%, 0, 0, 2, 4933.67, 9163816, 11072
147617, 56, 34, 72, 7, 0, 2.39%, 0, 0, 2, 4946.81, 9189217, 11072
147622, 56, 34, 72, 7, 0, 2.39%, 0, 0, 2, 1579.37, 9205536, 11072
147627, 56, 8, 72, 7, 0, 2.39%, 0, 0, 2, 4062.89, 9227126, 11072
147632, 57, 14, 72, 7, 0, 2.39%, 0, 0, 2, 4733.04, 9252768, 11072
147637, 57, 36, 72, 7, 0, 2.39%, 0, 0, 2, 4455.22, 9274872, 11072
147643, 57, 36, 72, 7, 0, 2.39%, 0, 0, 2, 3348.88, 9293004, 11072
147648, 57, 19, 72, 7, 0, 2.39%, 0, 0, 2, 4570.23, 9317048, 11072
147653, 57, 19, 72, 7, 0, 2.39%, 0, 0, 2, 4339.55, 9338644, 11072
147658, 57, 30, 72, 7, 0, 2.39%, 0, 0, 2, 3120.67, 9355392, 11072
147663, 57, 8, 72, 7, 0, 2.39%, 0, 0, 2, 2627.44, 9368330, 11072
147668, 57, 34, 72, 7, 0, 2.39%, 0, 0, 2, 525.40, 9376769, 11072
147673, 57, 30, 72, 7, 0, 2.39%, 0, 0, 2, 3593.86, 9394231, 11072
147678, 57, 29, 72, 7, 0, 2.39%, 0, 0, 2, 3961.46, 9411803, 11072
147683, 57, 30, 72, 7, 0, 2.39%, 0, 0, 2, 3815.05, 9425164, 11072
147688, 57, 14, 72, 7, 0, 2.39%, 0, 0, 2, 3573.77, 9445943, 11072
147693, 57, 14, 72, 7, 0, 2.39%, 0, 0, 2, 4570.82, 9470126, 11072
147699, 57, 67, 72, 7, 0, 2.39%, 0, 0, 2, 4642.30, 9494191, 11072
147704, 57, 8, 72, 7, 0, 2.39%, 0, 0, 2, 4424.31, 9513602, 11072
147709, 57, 34, 72, 7, 0, 2.39%, 0, 0, 2, 3796.18, 9533002, 11072
147714, 57, 34, 72, 7, 0, 2.39%, 0, 0, 2, 6163.97, 9556753, 11072
147719, 57, 34, 72, 7, 0, 2.39%, 0, 0, 2, 4640.39, 9577964, 11072
147724, 57, 30, 72, 7, 0, 2.39%, 0, 0, 2, 4975.21, 9599015, 11072
147729, 57, 36, 72, 7, 0, 2.39%, 0, 0, 2, 4663.03, 9622568, 11072
147734, 57, 29, 72, 7, 0, 2.39%, 0, 0, 2, 4906.39, 9644277, 11072
147739, 58, 14, 72, 7, 0, 2.39%, 0, 0, 2, 4269.44, 9662327, 11072
147744, 58, 30, 72, 7, 0, 2.39%, 0, 0, 2, 4323.91, 9684479, 11072
147749, 58, 36, 72, 7, 0, 2.39%, 0, 0, 2, 2601.43, 9706791, 11072
147754, 58, 30, 72, 7, 0, 2.39%, 0, 0, 2, 3984.17, 9727943, 11072
147759, 58, 42, 72, 7, 0, 2.39%, 0, 0, 2, 4360.12, 9747484, 11072
147764, 58, 10, 72, 7, 0, 2.39%, 0, 0, 2, 5023.23, 9765668, 11072
147770, 58, 30, 72, 7, 0, 2.39%, 0, 0, 2, 4331.84, 9784354, 11072
147775, 58, 34, 72, 7, 0, 2.39%, 0, 0, 2, 5004.62, 9803959, 11072
147780, 58, 30, 72, 7, 0, 2.39%, 0, 0, 2, 4048.04, 9823592, 11072
147785, 58, 29, 72, 7, 0, 2.39%, 0, 0, 2, 3154.29, 9843944, 11072
147790, 58, 14, 72, 7, 0, 2.39%, 0, 0, 2, 4504.32, 9869322, 11072
147795, 58, 19, 72, 7, 0, 2.39%, 0, 0, 2, 4389.51, 9891395, 11072
147800, 58, 30, 72, 7, 0, 2.39%, 0, 0, 2, 5237.24, 9908319, 11072
147805, 58, 14, 72, 7, 0, 2.39%, 0, 0, 2, 2465.72, 9926805, 11072
147811, 58, 34, 72, 7, 0, 2.39%, 0, 0, 2, 3114.88, 9945089, 11072
147816, 58, 34, 72, 7, 0, 2.39%, 0, 0, 2, 3669.50, 9961477, 11072
147821, 58, 30, 72, 7, 0, 2.39%, 0, 0, 2, 5399.57, 9980037, 11072
147826, 58, 30, 72, 7, 0, 2.39%, 0, 0, 2, 4771.96, 10003517, 11072
147831, 58, 30, 72, 7, 0, 2.39%, 0, 0, 2, 4377.78, 10024695, 11072
147836, 58, 34, 72, 7, 0, 2.39%, 0, 0, 2, 3893.26, 10044357, 11072
147841, 59, 30, 72, 7, 0, 2.39%, 0, 0, 2, 3556.76, 10060512, 11072
147846, 59, 34, 72, 7, 0, 2.39%, 0, 0, 2, 3699.12, 10077535, 11072
147851, 59, 34, 72, 7, 0, 2.39%, 0, 0, 2, 3594.82, 10091565, 11072
147856, 59, 30, 72, 7, 0, 2.39%, 0, 0, 2, 4142.08, 10113519, 11072
147861, 59, 29, 72, 6, 0, 2.39%, 0, 0, 2, 3764.79, 10132196, 11072
147867, 59, 34, 72, 6, 0, 2.39%, 0, 0, 2, 1707.10, 10149247, 11072
147872, 59, 67, 72, 6, 0, 2.39%, 0, 0, 2, 4270.55, 10173605, 11072
147877, 59, 29, 72, 6, 0, 2.39%, 0, 0, 2, 4074.19, 10194024, 11072
147882, 59, 19, 72, 6, 0, 2.39%, 0, 0, 2, 5700.40, 10207805, 11072
147887, 59, 10, 72, 6, 0, 2.39%, 0, 0, 2, 4716.43, 10230216, 11072
147892, 59, 29, 72, 6, 0, 2.39%, 0, 0, 2, 4456.24, 10253010, 11072
147897, 59, 14, 72, 6, 0, 2.39%, 0, 0, 2, 3633.89, 10269615, 11072
147902, 59, 8, 72, 6, 0, 2.39%, 0, 0, 2, 4187.08, 10290828, 11072
147907, 59, 36, 72, 6, 0, 2.39%, 0, 0, 2, 4109.38, 10311064, 11072
147913, 59, 30, 72, 6, 0, 2.39%, 0, 0, 2, 4566.77, 10335876, 11072
147918, 59, 29, 72, 6, 0, 2.39%, 0, 0, 2, 4633.52, 10357836, 11072
147923, 59, 19, 72, 6, 0, 2.39%, 0, 0, 2, 3095.89, 10378382, 11072
147928, 59, 29, 72, 6, 0, 2.39%, 0, 0, 2, 981.60, 10399061, 11072
147933, 60, 29, 72, 6, 0, 2.39%, 0, 0, 2, 4670.00, 10417599, 11072
147938, 60, 29, 72, 6, 0, 2.39%, 0, 0, 2, 4069.28, 10438107, 11072
147943, 60, 34, 72, 6, 0, 2.39%, 0, 0, 2, 5507.54, 10456640, 11072
147948, 60, 34, 72, 6, 0, 2.39%, 0, 0, 2, 828.43, 10477783, 11072
147950, 60, 14, 72, 6, 0, 2.39%, 0, 0, 2, 2269.96, 10484970, 11072
