# relative_time, cycles_done, cur_item, corpus_count, pending_total, pending_favs, map_size, saved_crashes, saved_hangs, max_depth, execs_per_sec, total_execs, edges_found
61, 0, 33, 40, 27, 0, 2.29%, 0, 0, 6, 995.00, 233791, 10386
67, 0, 33, 40, 27, 0, 2.29%, 0, 0, 6, 867.62, 238569, 10386
72, 0, 33, 40, 27, 0, 2.29%, 0, 0, 6, 5262.26, 247217, 10386
77, 0, 33, 40, 27, 0, 2.29%, 0, 0, 6, 1028.66, 275432, 10386
82, 0, 33, 41, 28, 0, 2.29%, 0, 0, 6, 1068.34, 280790, 10386
87, 0, 33, 41, 28, 0, 2.29%, 0, 0, 6, 963.17, 285518, 10386
92, 0, 33, 41, 28, 0, 2.29%, 0, 0, 6, 9329.36, 297139, 10386
97, 0, 33, 41, 28, 0, 2.29%, 0, 0, 6, 1059.63, 327142, 10386
102, 0, 33, 41, 28, 0, 2.29%, 0, 0, 6, 1061.31, 332535, 10386
107, 0, 19, 41, 28, 0, 2.29%, 0, 0, 6, 5190.77, 356383, 10386
112, 0, 33, 41, 27, 0, 2.29%, 0, 0, 6, 527.91, 367985, 10386
118, 0, 33, 41, 27, 0, 2.29%, 0, 0, 6, 526.74, 370806, 10386
123, 0, 0, 41, 27, 0, 2.29%, 0, 0, 6, 9605.16, 384667, 10386
128, 0, 18, 41, 27, 0, 2.29%, 0, 0, 6, 8345.94, 406849, 10386
133, 0, 33, 41, 27, 0, 2.29%, 0, 0, 6, 636.93, 414740, 10386
138, 0, 33, 41, 27, 0, 2.29%, 0, 0, 6, 553.06, 417483, 10386
143, 0, 33, 41, 27, 0, 2.29%, 0, 0, 6, 515.48, 426186, 10386
148, 0, 33, 41, 27, 0, 2.29%, 0, 0, 6, 521.05, 444796, 10386
153, 0, 33, 41, 27, 0, 2.29%, 0, 0, 6, 525.60, 447436, 10386
158, 0, 33, 41, 27, 0, 2.29%, 0, 0, 6, 552.58, 450196, 10386
163, 0, 18, 41, 27, 0, 2.29%, 0, 0, 6, 10156.94, 478482, 10386
168, 0, 33, 41, 27, 0, 2.29%, 0, 0, 6, 1492.73, 497524, 10386
173, 0, 33, 41, 27, 0, 2.29%, 0, 0, 6, 889.40, 511671, 10386
179, 0, 15, 41, 27, 0, 2.29%, 0, 0, 6, 866.88, 528781, 10386
184, 1, 41, 44, 30, 2, 2.29%, 0, 0, 6, 641.65, 547445, 10386
189, 1, 41, 44, 30, 2, 2.29%, 0, 0, 6, 535.53, 549993, 10386
194, 1, 41, 44, 30, 2, 2.29%, 0, 0, 6, 528.30, 552615, 10386
199, 1, 41, 44, 30, 2, 2.29%, 0, 0, 6, 507.22, 555125, 10386
204, 1, 31, 44, 29, 1, 2.29%, 0, 0, 6, 1070.58, 566472, 10386
209, 1, 31, 44, 29, 1, 2.29%, 0, 0, 6, 1139.06, 572339, 10386
214, 1, 33, 44, 28, 0, 2.29%, 0, 0, 6, 1255.18, 583886, 10386
219, 1, 33, 44, 28, 0, 2.29%, 0, 0, 6, 812.64, 587476, 10386
225, 1, 4, 44, 28, 0, 2.29%, 0, 0, 6, 420.11, 604900, 10386
230, 1, 18, 44, 27, 0, 2.29%, 0, 0, 6, 781.07, 624961, 10386
235, 1, 15, 44, 27, 0, 2.29%, 0, 0, 6, 1743.96, 667896, 10386
240, 1, 15, 44, 27, 0, 2.29%, 0, 0, 6, 9746.94, 702126, 10386
245, 1, 18, 44, 27, 0, 2.29%, 0, 0, 6, 7757.13, 732340, 10386
250, 1, 33, 44, 27, 0, 2.29%, 0, 0, 6, 490.76, 756306, 10386
255, 1, 33, 44, 27, 0, 2.29%, 0, 0, 6, 508.00, 758916, 10386
260, 1, 33, 44, 27, 0, 2.29%, 0, 0, 6, 516.03, 761486, 10386
265, 1, 18, 44, 26, 0, 2.29%, 0, 0, 6, 1510.79, 798656, 10386
270, 1, 6, 44, 26, 0, 2.29%, 0, 0, 6, 598.64, 833900, 10386
276, 1, 5, 44, 25, 0, 2.29%, 0, 0, 6, 7440.19, 857357, 10386
281, 1, 6, 44, 24, 0, 2.29%, 0, 0, 6, 5558.90, 892980, 10386
286, 1, 33, 44, 24, 0, 2.29%, 0, 0, 6, 586.54, 907180, 10386
291, 1, 33, 44, 24, 0, 2.29%, 0, 0, 6, 3544.85, 926870, 10386
296, 1, 33, 44, 24, 0, 2.29%, 0, 0, 6, 519.21, 938596, 10386
301, 1, 33, 44, 23, 0, 2.29%, 0, 0, 6, 468.04, 955907, 10386
306, 1, 33, 44, 23, 0, 2.29%, 0, 0, 6, 523.85, 958606, 10386
311, 1, 33, 44, 23, 0, 2.29%, 0, 0, 6, 8050.00, 962836, 10386
317, 1, 33, 44, 23, 0, 2.29%, 0, 0, 6, 1703.09, 982479, 10386
322, 1, 15, 44, 23, 0, 2.29%, 0, 0, 6, 520.45, 1004032, 10386
327, 1, 15, 44, 23, 0, 2.29%, 0, 0, 6, 7175.94, 1023086, 10386
332, 1, 18, 44, 23, 0, 2.29%, 0, 0, 6, 7655.85, 1044970, 10386
337, 2, 15, 44, 23, 0, 2.29%, 0, 0, 6, 498.45, 1066156, 10386
342, 2, 18, 44, 23, 0, 2.29%, 0, 0, 6, 8289.76, 1095546, 10386
347, 2, 33, 44, 23, 0, 2.29%, 0, 0, 6, 1071.68, 1104007, 10386
353, 2, 15, 44, 23, 0, 2.29%, 0, 0, 6, 654.21, 1125314, 10386
358, 2, 12, 44, 23, 0, 2.29%, 0, 0, 6, 880.54, 1149076, 10386
363, 2, 33, 44, 23, 0, 2.29%, 0, 0, 6, 821.73, 1159868, 10386
368, 2, 33, 44, 23, 0, 2.29%, 0, 0, 6, 584.59, 1162525, 10386
373, 2, 33, 44, 23, 0, 2.29%, 0, 0, 6, 7997.16, 1168536, 10386
378, 2, 33, 44, 23, 0, 2.29%, 0, 0, 6, 809.16, 1178508, 10386
383, 2, 33, 44, 23, 0, 2.29%, 0, 0, 6, 743.08, 1182074, 10386
388, 2, 18, 44, 23, 0, 2.29%, 0, 0, 6, 6645.97, 1206004, 10386
393, 2, 4, 44, 23, 0, 2.29%, 0, 0, 6, 3153.69, 1233580, 10386
398, 2, 33, 44, 22, 0, 2.29%, 0, 0, 6, 630.44, 1255948, 10386
403, 2, 33, 44, 22, 0, 2.29%, 0, 0, 6, 699.76, 1259540, 10386
408, 2, 33, 44, 22, 0, 2.29%, 0, 0, 6, 1712.88, 1266898, 10386
414, 2, 12, 44, 22, 0, 2.29%, 0, 0, 6, 3150.00, 1290884, 10386
419, 2, 12, 44, 22, 0, 2.29%, 0, 0, 6, 3738.22, 1311224, 10386
424, 2, 33, 44, 22, 0, 2.29%, 0, 0, 6, 575.57, 1328835, 10386
429, 2, 33, 44, 22, 0, 2.29%, 0, 0, 6, 537.41, 1331510, 10386
434, 2, 33, 44, 22, 0, 2.29%, 0, 0, 6, 546.13, 1334250, 10386
439, 2, 33, 44, 22, 0, 2.29%, 0, 0, 6, 3546.76, 1362048, 10386
444, 2, 18, 44, 22, 0, 2.29%, 0, 0, 6, 4323.88, 1379392, 10386
449, 2, 15, 44, 22, 0, 2.29%, 0, 0, 6, 689.78, 1402432, 10386
454, 2, 4, 44, 22, 0, 2.29%, 0, 0, 6, 7234.95, 1424014, 10386
459, 2, 18, 44, 22, 0, 2.29%, 0, 0, 6, 465.34, 1447834, 10386
465, 2, 3, 44, 22, 0, 2.29%, 0, 0, 6, 8506.78, 1481586, 10386
470, 2, 33, 44, 22, 0, 2.29%, 0, 0, 6, 1031.09, 1490660, 10386
475, 2, 15, 44, 22, 0, 2.29%, 0, 0, 6, 9244.46, 1512156, 10386
480, 2, 18, 44, 22, 0, 2.29%, 0, 0, 6, 2284.38, 1537101, 10386
485, 2, 33, 44, 22, 0, 2.29%, 0, 0, 6, 1027.03, 1549004, 10386
487, 2, 33, 44, 22, 0, 2.29%, 0, 0, 6, 1029.83, 1551083, 10386
548, 3, 12, 47, 35, 0, 2.29%, 0, 0, 2, 1378.74, 148838, 10385
553, 3, 12, 47, 34, 0, 2.29%, 0, 0, 2, 617.65, 162522, 10385
558, 3, 12, 47, 34, 0, 2.29%, 0, 0, 2, 601.74, 165558, 10385
563, 3, 12, 47, 34, 0, 2.29%, 0, 0, 2, 600.30, 176754, 10385
568, 3, 12, 47, 34, 0, 2.29%, 0, 0, 2, 617.40, 179886, 10385
573, 3, 16, 47, 34, 0, 2.29%, 0, 0, 2, 2408.93, 199454, 10385
578, 3, 16, 47, 34, 0, 2.29%, 0, 0, 2, 9205.00, 231502, 10385
583, 3, 12, 47, 33, 0, 2.29%, 0, 0, 2, 1162.63, 250878, 10385
588, 3, 12, 47, 33, 0, 2.29%, 0, 0, 2, 6709.26, 261297, 10385
594, 3, 12, 47, 33, 0, 2.29%, 0, 0, 2, 577.12, 266505, 10385
599, 3, 12, 47, 33, 0, 2.29%, 0, 0, 2, 791.47, 272308, 10385
604, 3, 12, 47, 33, 0, 2.29%, 0, 0, 2, 613.86, 280470, 10385
609, 3, 20, 47, 33, 0, 2.29%, 0, 0, 2, 3838.38, 294836, 10385
614, 3, 20, 47, 33, 0, 2.29%, 0, 0, 2, 2005.16, 314484, 10385
619, 3, 12, 47, 33, 0, 2.29%, 0, 0, 2, 1122.00, 319791, 10385
624, 3, 12, 47, 33, 0, 2.29%, 0, 0, 2, 1094.67, 326067, 10385
629, 3, 12, 47, 33, 0, 2.29%, 0, 0, 2, 2425.63, 356305, 10385
634, 3, 12, 47, 33, 0, 2.29%, 0, 0, 2, 1013.73, 359383, 10385
640, 3, 20, 47, 33, 0, 2.29%, 0, 0, 2, 672.69, 372900, 10385
645, 4, 41, 47, 32, 0, 2.29%, 0, 0, 2, 1004.34, 395986, 10385
650, 4, 12, 47, 32, 0, 2.29%, 0, 0, 2, 801.32, 414812, 10385
655, 4, 12, 47, 32, 0, 2.29%, 0, 0, 2, 791.21, 419813, 10385
660, 4, 12, 47, 32, 0, 2.29%, 0, 0, 2, 1385.05, 429775, 10385
665, 4, 33, 47, 32, 0, 2.29%, 0, 0, 2, 6278.57, 442407, 10385
670, 4, 12, 47, 31, 0, 2.29%, 0, 0, 2, 764.67, 450602, 10385
675, 4, 12, 47, 31, 0, 2.29%, 0, 0, 2, 7098.20, 462903, 10385
680, 4, 20, 47, 31, 0, 2.29%, 0, 0, 2, 7664.05, 484239, 10385
685, 4, 12, 47, 31, 0, 2.29%, 0, 0, 2, 1241.46, 497842, 10385
690, 4, 41, 47, 31, 0, 2.29%, 0, 0, 2, 9477.26, 513466, 10385
695, 4, 12, 47, 31, 0, 2.29%, 0, 0, 2, 887.94, 524609, 10385
701, 4, 12, 47, 31, 0, 2.29%, 0, 0, 2, 651.50, 527592, 10385
706, 4, 12, 47, 31, 0, 2.29%, 0, 0, 2, 803.77, 548227, 10385
711, 4, 12, 47, 31, 0, 2.29%, 0, 0, 2, 619.01, 555347, 10385
716, 4, 12, 47, 31, 0, 2.29%, 0, 0, 2, 1133.29, 564337, 10385
721, 4, 39, 47, 31, 0, 2.29%, 0, 0, 2, 659.32, 577471, 10385
726, 4, 12, 47, 31, 0, 2.29%, 0, 0, 2, 582.70, 595570, 10385
731, 4, 12, 47, 31, 0, 2.29%, 0, 0, 2, 601.05, 598661, 10385
736, 4, 12, 47, 31, 0, 2.29%, 0, 0, 2, 7084.43, 612447, 10385
741, 4, 12, 47, 31, 0, 2.29%, 0, 0, 2, 963.98, 626211, 10385
746, 4, 12, 47, 31, 0, 2.29%, 0, 0, 2, 917.45, 630563, 10385
752, 4, 3, 47, 31, 0, 2.29%, 0, 0, 2, 2935.35, 654254, 10385
757, 4, 12, 47, 29, 0, 2.29%, 0, 0, 2, 4064.80, 678191, 10385
762, 4, 21, 47, 29, 0, 2.29%, 0, 0, 2, 171.53, 695960, 10385
767, 4, 21, 47, 29, 0, 2.29%, 0, 0, 2, 439.38, 698468, 10385
772, 4, 21, 47, 29, 0, 2.29%, 0, 0, 2, 4067.26, 706408, 10385
777, 4, 12, 47, 29, 0, 2.29%, 0, 0, 2, 768.76, 717348, 10385
782, 4, 12, 47, 29, 0, 2.29%, 0, 0, 2, 794.77, 721323, 10385
788, 4, 20, 47, 29, 0, 2.29%, 0, 0, 2, 5711.65, 740383, 10385
793, 4, 12, 47, 29, 0, 2.29%, 0, 0, 2, 1025.67, 747748, 10385
798, 4, 39, 47, 29, 0, 2.29%, 0, 0, 2, 8152.91, 768036, 10385
803, 4, 12, 47, 29, 0, 2.29%, 0, 0, 2, 642.57, 780084, 10385
808, 4, 12, 47, 29, 0, 2.29%, 0, 0, 2, 594.11, 783068, 10385
813, 4, 20, 47, 29, 0, 2.29%, 0, 0, 2, 898.64, 798666, 10385
818, 4, 20, 47, 29, 0, 2.29%, 0, 0, 2, 1105.62, 811387, 10385
824, 5, 12, 47, 29, 0, 2.29%, 0, 0, 2, 619.28, 830256, 10385
829, 5, 12, 47, 29, 0, 2.29%, 0, 0, 2, 613.47, 833352, 10385
834, 5, 20, 47, 29, 0, 2.29%, 0, 0, 2, 926.21, 846767, 10385
839, 5, 12, 47, 29, 0, 2.29%, 0, 0, 2, 733.97, 852126, 10385
844, 5, 12, 47, 29, 0, 2.29%, 0, 0, 2, 6000.00, 856225, 10385
849, 5, 25, 47, 28, 0, 2.29%, 0, 0, 2, 6837.75, 885934, 10385
854, 5, 39, 47, 28, 0, 2.29%, 0, 0, 2, 5990.34, 909521, 10385
859, 5, 16, 47, 27, 0, 2.29%, 0, 0, 2, 918.03, 932868, 10385
864, 5, 12, 47, 27, 0, 2.29%, 0, 0, 2, 809.00, 956457, 10385
869, 5, 12, 47, 27, 0, 2.29%, 0, 0, 2, 1270.04, 975038, 10385
875, 5, 12, 47, 27, 0, 2.29%, 0, 0, 2, 871.17, 978898, 10385
880, 5, 6, 47, 27, 0, 2.29%, 0, 0, 2, 753.21, 990829, 10385
885, 5, 41, 47, 27, 0, 2.29%, 0, 0, 2, 6481.02, 1006007, 10385
890, 5, 5, 47, 27, 0, 2.29%, 0, 0, 2, 813.96, 1025089, 10385
895, 5, 12, 47, 26, 0, 2.29%, 0, 0, 2, 3454.34, 1035149, 10385
900, 5, 12, 47, 26, 0, 2.29%, 0, 0, 2, 1059.04, 1053069, 10385
905, 5, 12, 47, 26, 0, 2.29%, 0, 0, 2, 743.15, 1064657, 10385
910, 5, 31, 47, 26, 0, 2.29%, 0, 0, 2, 8651.28, 1090649, 10385
915, 5, 43, 47, 25, 0, 2.29%, 0, 0, 2, 7097.16, 1121206, 10385
920, 5, 1, 47, 25, 0, 2.29%, 0, 0, 2, 3630.15, 1148621, 10385
925, 5, 12, 47, 24, 0, 2.29%, 0, 0, 2, 2189.00, 1156493, 10385
931, 5, 39, 47, 24, 0, 2.29%, 0, 0, 2, 723.93, 1170833, 10385
936, 5, 12, 47, 24, 0, 2.29%, 0, 0, 2, 826.31, 1175589, 10385
941, 5, 12, 47, 24, 0, 2.29%, 0, 0, 2, 757.74, 1186544, 10385
946, 5, 12, 47, 24, 0, 2.29%, 0, 0, 2, 757.91, 1190384, 10385
951, 5, 22, 47, 24, 0, 2.29%, 0, 0, 2, 4098.85, 1205533, 10385
956, 6, 43, 48, 25, 0, 2.29%, 0, 0, 2, 2662.53, 1223591, 10386
961, 6, 39, 48, 25, 0, 2.29%, 0, 0, 2, 7269.42, 1256525, 10386
966, 6, 16, 48, 25, 0, 2.29%, 0, 0, 2, 506.91, 1278508, 10386
971, 6, 12, 48, 25, 0, 2.29%, 0, 0, 2, 684.20, 1288418, 10386
976, 6, 12, 48, 25, 0, 2.29%, 0, 0, 2, 728.29, 1291836, 10386
982, 6, 38, 48, 25, 0, 2.29%, 0, 0, 2, 545.15, 1305152, 10386
987, 6, 39, 48, 24, 0, 2.29%, 0, 0, 2, 572.67, 1327972, 10386
992, 6, 20, 48, 24, 0, 2.29%, 0, 0, 2, 773.45, 1352106, 10386
997, 6, 16, 48, 24, 0, 2.29%, 0, 0, 2, 719.83, 1371742, 10386
1002, 6, 16, 48, 24, 0, 2.29%, 0, 0, 2, 8653.28, 1394248, 10386
1007, 6, 16, 48, 24, 0, 2.29%, 0, 0, 2, 6583.69, 1417454, 10386
1012, 6, 12, 48, 24, 0, 2.29%, 0, 0, 2, 1123.35, 1438106, 10386
1017, 6, 12, 48, 24, 0, 2.29%, 0, 0, 2, 4429.98, 1457458, 10386
1022, 6, 22, 48, 24, 0, 2.29%, 0, 0, 2, 4133.76, 1471326, 10386
1027, 6, 12, 48, 24, 0, 2.29%, 0, 0, 2, 708.68, 1485454, 10386
1033, 6, 12, 48, 24, 0, 2.29%, 0, 0, 2, 618.36, 1488444, 10386
1038, 6, 12, 48, 24, 0, 2.29%, 0, 0, 2, 1125.10, 1499980, 10386
1043, 6, 12, 48, 24, 0, 2.29%, 0, 0, 2, 9705.88, 1509172, 10386
1048, 6, 12, 48, 24, 0, 2.29%, 0, 0, 2, 606.01, 1514820, 10386
1053, 6, 12, 48, 24, 0, 2.29%, 0, 0, 2, 9705.79, 1525566, 10386
1058, 6, 12, 48, 24, 0, 2.29%, 0, 0, 2, 653.57, 1547235, 10386
1059, 6, 12, 48, 24, 0, 2.29%, 0, 0, 2, 684.96, 1547598, 10386
1119, 7, 43, 67, 44, 6, 2.39%, 0, 0, 2, 412.00, 1638031, 11067
1124, 7, 43, 67, 44, 6, 2.39%, 0, 0, 2, 397.91, 1640079, 11067
1129, 7, 43, 67, 44, 6, 2.39%, 0, 0, 2, 445.81, 1642337, 11067
1134, 7, 43, 67, 44, 6, 2.39%, 0, 0, 2, 431.87, 1644465, 11067
1140, 7, 43, 67, 44, 6, 2.39%, 0, 0, 2, 3075.97, 1653560, 11067
1145, 7, 39, 67, 42, 4, 2.39%, 0, 0, 2, 963.32, 1663391, 11067
1150, 7, 37, 67, 41, 3, 2.39%, 0, 0, 2, 445.75, 1671589, 11067
1155, 7, 48, 67, 40, 2, 2.39%, 0, 0, 2, 5179.30, 1679507, 11067
1160, 7, 38, 67, 39, 2, 2.39%, 0, 0, 2, 1180.99, 1689784, 11067
1165, 7, 38, 67, 39, 2, 2.39%, 0, 0, 2, 1015.95, 1699454, 11067
1170, 7, 49, 67, 37, 1, 2.39%, 0, 0, 2, 2579.99, 1714186, 11067
1175, 7, 49, 67, 37, 1, 2.39%, 0, 0, 2, 1544.82, 1720249, 11067
1181, 7, 19, 67, 36, 0, 2.39%, 0, 0, 2, 9155.71, 1748988, 11067
1186, 7, 30, 67, 35, 0, 2.39%, 0, 0, 2, 5074.58, 1769902, 11067
1191, 7, 35, 67, 34, 0, 2.39%, 0, 0, 2, 7937.78, 1801297, 11067
1196, 7, 4, 67, 33, 0, 2.39%, 0, 0, 2, 7715.24, 1840355, 11067
1201, 7, 23, 67, 33, 0, 2.39%, 0, 0, 2, 4282.85, 1867162, 11067
1206, 7, 30, 68, 33, 0, 2.39%, 0, 0, 2, 8001.07, 1891973, 11072
1211, 7, 19, 68, 32, 0, 2.39%, 0, 0, 2, 6586.97, 1915645, 11072
1217, 7, 31, 68, 32, 0, 2.39%, 0, 0, 2, 7604.55, 1942363, 11072
1222, 7, 19, 68, 31, 0, 2.39%, 0, 0, 2, 3369.15, 1963091, 11072
1227, 7, 5, 68, 31, 0, 2.39%, 0, 0, 2, 7178.95, 1985655, 11072
1232, 7, 31, 68, 31, 0, 2.39%, 0, 0, 2, 6273.13, 2001557, 11072
1237, 7, 5, 68, 30, 0, 2.39%, 0, 0, 2, 3663.49, 2024289, 11072
1242, 8, 30, 68, 30, 0, 2.39%, 0, 0, 2, 449.13, 2047778, 11072
1248, 8, 39, 68, 30, 0, 2.39%, 0, 0, 2, 755.24, 2070276, 11072
1253, 8, 39, 68, 30, 0, 2.39%, 0, 0, 2, 1186.29, 2077020, 11072
1258, 8, 35, 68, 30, 0, 2.39%, 0, 0, 2, 1424.47, 2104109, 11072
1263, 8, 43, 68, 30, 0, 2.39%, 0, 0, 2, 1290.75, 2121956, 11072
1268, 8, 13, 68, 30, 0, 2.39%, 0, 0, 2, 463.22, 2142261, 11072
1273, 8, 30, 68, 29, 0, 2.39%, 0, 0, 2, 6914.94, 2172148, 11072
1278, 8, 35, 68, 29, 0, 2.39%, 0, 0, 2, 6106.27, 2191853, 11072
1283, 8, 25, 68, 29, 0, 2.39%, 0, 0, 2, 7784.28, 2216266, 11072
1289, 8, 35, 68, 29, 0, 2.39%, 0, 0, 2, 9134.50, 2246105, 11072
1294, 8, 40, 68, 29, 0, 2.39%, 0, 0, 2, 567.58, 2262566, 11072
1299, 8, 40, 68, 29, 0, 2.39%, 0, 0, 2, 604.94, 2265639, 11072
1304, 8, 25, 68, 28, 0, 2.39%, 0, 0, 2, 5482.05, 2291813, 11072
1309, 8, 8, 68, 28, 0, 2.39%, 0, 0, 2, 8614.99, 2328589, 11072
1314, 8, 9, 68, 27, 0, 2.39%, 0, 0, 2, 8058.78, 2360864, 11072
1319, 8, 52, 68, 26, 0, 2.39%, 0, 0, 2, 9200.00, 2376816, 11072
1325, 8, 30, 68, 26, 0, 2.39%, 0, 0, 2, 6166.64, 2407329, 11072
1330, 8, 5, 68, 26, 0, 2.39%, 0, 0, 2, 7190.51, 2435058, 11072
1335, 8, 39, 68, 26, 0, 2.39%, 0, 0, 2, 666.17, 2451915, 11072
1340, 8, 39, 68, 26, 0, 2.39%, 0, 0, 2, 456.96, 2454009, 11072
1345, 8, 39, 68, 26, 0, 2.39%, 0, 0, 2, 605.54, 2457150, 11072
1350, 9, 25, 68, 26, 0, 2.39%, 0, 0, 2, 5996.38, 2490552, 11072
1355, 9, 43, 68, 26, 0, 2.39%, 0, 0, 2, 856.02, 2500208, 11072
1360, 9, 43, 68, 26, 0, 2.39%, 0, 0, 2, 6218.69, 2506575, 11072
1366, 9, 4, 68, 26, 0, 2.39%, 0, 0, 2, 8166.14, 2537867, 11072
1371, 9, 25, 68, 25, 0, 2.39%, 0, 0, 2, 6675.51, 2565878, 11072
1376, 9, 4, 68, 24, 0, 2.39%, 0, 0, 2, 8954.19, 2601605, 11072
1381, 9, 21, 68, 24, 0, 2.39%, 0, 0, 2, 634.24, 2632905, 11072
1386, 9, 35, 68, 23, 0, 2.39%, 0, 0, 2, 2013.02, 2662224, 11072
1391, 9, 35, 68, 23, 0, 2.39%, 0, 0, 2, 10010.65, 2685809, 11072
1396, 9, 38, 68, 23, 0, 2.39%, 0, 0, 2, 1480.00, 2708567, 11072
1401, 9, 19, 68, 23, 0, 2.39%, 0, 0, 2, 6803.96, 2723469, 11072
1407, 9, 31, 68, 23, 0, 2.39%, 0, 0, 2, 8986.73, 2758527, 11072
1412, 9, 19, 68, 23, 0, 2.39%, 0, 0, 2, 6379.76, 2790140, 11072
1417, 9, 35, 68, 23, 0, 2.39%, 0, 0, 2, 9217.62, 2828591, 11072
1422, 9, 35, 68, 21, 0, 2.39%, 0, 0, 2, 2101.12, 2859828, 11072
1427, 9, 30, 68, 21, 0, 2.39%, 0, 0, 2, 5097.98, 2886889, 11072
1432, 9, 10, 68, 21, 0, 2.39%, 0, 0, 2, 5244.23, 2911335, 11072
1437, 10, 53, 68, 20, 0, 2.39%, 0, 0, 2, 4654.05, 2936593, 11072
1442, 10, 6, 68, 19, 0, 2.39%, 0, 0, 2, 4662.30, 2959391, 11072
1447, 10, 6, 68, 18, 0, 2.39%, 0, 0, 2, 9142.46, 2976847, 11072
1453, 10, 4, 68, 17, 0, 2.39%, 0, 0, 2, 455.60, 2994555, 11072
1458, 10, 36, 68, 16, 0, 2.39%, 0, 0, 2, 6250.10, 3016459, 11072
1463, 10, 25, 68, 16, 0, 2.39%, 0, 0, 2, 1577.32, 3030839, 11072
1468, 10, 19, 68, 16, 0, 2.39%, 0, 0, 2, 2565.00, 3046700, 11072
1473, 10, 25, 68, 16, 0, 2.39%, 0, 0, 2, 5425.65, 3076207, 11072
1478, 10, 30, 68, 16, 0, 2.39%, 0, 0, 2, 6424.39, 3098330, 11072
1483, 10, 6, 68, 16, 0, 2.39%, 0, 0, 2, 6408.65, 3116912, 11072
1488, 10, 57, 68, 16, 0, 2.39%, 0, 0, 2, 993.48, 3128076, 11072
1494, 10, 6, 68, 16, 0, 2.39%, 0, 0, 2, 7233.22, 3154859, 11072
1499, 10, 30, 68, 16, 0, 2.39%, 0, 0, 2, 413.78, 3170121, 11072
1504, 10, 25, 68, 16, 0, 2.39%, 0, 0, 2, 4548.23, 3190760, 11072
1509, 10, 6, 68, 16, 0, 2.39%, 0, 0, 2, 7972.95, 3207682, 11072
1514, 10, 4, 68, 16, 0, 2.39%, 0, 0, 2, 383.40, 3226800, 11072
1519, 10, 19, 68, 16, 0, 2.39%, 0, 0, 2, 6285.73, 3246496, 11072
1524, 10, 30, 68, 16, 0, 2.39%, 0, 0, 2, 5815.04, 3277238, 11072
1529, 10, 52, 68, 16, 0, 2.39%, 0, 0, 2, 6443.54, 3308274, 11072
1534, 11, 5, 68, 16, 0, 2.39%, 0, 0, 2, 6749.38, 3340896, 11072
1539, 11, 30, 68, 16, 0, 2.39%, 0, 0, 2, 564.04, 3368591, 11072
1544, 11, 19, 68, 15, 0, 2.39%, 0, 0, 2, 5793.50, 3394856, 11072
1550, 11, 40, 68, 15, 0, 2.39%, 0, 0, 2, 7753.28, 3422174, 11072
1555, 11, 40, 68, 15, 0, 2.39%, 0, 0, 2, 628.75, 3425304, 11072
1560, 11, 19, 68, 15, 0, 2.39%, 0, 0, 2, 5822.37, 3441215, 11072
1565, 11, 25, 68, 15, 0, 2.39%, 0, 0, 2, 480.47, 3466664, 11072
1570, 11, 30, 68, 15, 0, 2.39%, 0, 0, 2, 3815.00, 3502488, 11072
1575, 11, 35, 68, 15, 0, 2.39%, 0, 0, 2, 1221.33, 3536173, 11072
1580, 11, 43, 68, 15, 0, 2.39%, 0, 0, 2, 655.11, 3538761, 11072
1585, 11, 43, 68, 15, 0, 2.39%, 0, 0, 2, 512.40, 3541166, 11072
1590, 11, 25, 68, 15, 0, 2.39%, 0, 0, 2, 4914.78, 3562002, 11072
1595, 11, 30, 68, 15, 0, 2.39%, 0, 0, 2, 6950.28, 3599760, 11072
1601, 11, 39, 68, 15, 0, 2.39%, 0, 0, 2, 9382.35, 3622680, 11072
1606, 11, 25, 68, 15, 0, 2.39%, 0, 0, 2, 8079.18, 3661579, 11072
1611, 11, 31, 68, 15, 0, 2.39%, 0, 0, 2, 11497.35, 3688852, 11072
1616, 11, 52, 68, 15, 0, 2.39%, 0, 0, 2, 6660.51, 3721910, 11072
1621, 11, 19, 68, 15, 0, 2.39%, 0, 0, 2, 6077.81, 3757315, 11072
1626, 12, 30, 68, 15, 0, 2.39%, 0, 0, 2, 5040.00, 3786612, 11072
1631, 12, 6, 68, 15, 0, 2.39%, 0, 0, 2, 6826.38, 3818949, 11072
1636, 12, 19, 68, 15, 0, 2.39%, 0, 0, 2, 7148.33, 3854658, 11072
1641, 12, 35, 68, 15, 0, 2.39%, 0, 0, 2, 1220.41, 3886755, 11072
1647, 12, 5, 68, 15, 0, 2.39%, 0, 0, 2, 5685.15, 3907506, 11072
1652, 12, 31, 68, 15, 0, 2.39%, 0, 0, 2, 7156.64, 3938802, 11072
1657, 12, 25, 68, 15, 0, 2.39%, 0, 0, 2, 4103.34, 3963715, 11072
1662, 12, 30, 68, 15, 0, 2.39%, 0, 0, 2, 5995.36, 3991135, 11072
1667, 12, 43, 68, 15, 0, 2.39%, 0, 0, 2, 4715.85, 4013712, 11072
1672, 12, 43, 68, 15, 0, 2.39%, 0, 0, 2, 847.51, 4017987, 11072
1677, 12, 25, 68, 15, 0, 2.39%, 0, 0, 2, 9361.09, 4039805, 11072
1683, 12, 39, 68, 15, 0, 2.39%, 0, 0, 2, 1050.94, 4073999, 11072
1688, 12, 39, 68, 15, 0, 2.39%, 0, 0, 2, 1931.83, 4082216, 11072
1693, 12, 52, 68, 15, 0, 2.39%, 0, 0, 2, 8025.41, 4106515, 11072
1698, 12, 35, 68, 15, 0, 2.39%, 0, 0, 2, 1037.12, 4136361, 11072
1703, 12, 25, 68, 15, 0, 2.39%, 0, 0, 2, 577.31, 4164248, 11072
1708, 12, 30, 68, 15, 0, 2.39%, 0, 0, 2, 8824.29, 4198804, 11072
1713, 13, 25, 68, 15, 0, 2.39%, 0, 0, 2, 4725.69, 4221596, 11072
1718, 13, 25, 68, 15, 0, 2.39%, 0, 0, 2, 987.10, 4245296, 11072
1724, 13, 31, 68, 15, 0, 2.39%, 0, 0, 2, 6502.84, 4278562, 11072
1729, 13, 30, 68, 15, 0, 2.39%, 0, 0, 2, 3532.05, 4301112, 11072
1734, 13, 6, 68, 15, 0, 2.39%, 0, 0, 2, 8397.61, 4330984, 11072
1739, 13, 30, 68, 15, 0, 2.39%, 0, 0, 2, 1634.97, 4364924, 11072
1744, 13, 35, 68, 15, 0, 2.39%, 0, 0, 2, 703.43, 4385260, 11072
1749, 13, 25, 68, 15, 0, 2.39%, 0, 0, 2, 6848.56, 4417815, 11072
1754, 13, 52, 68, 15, 0, 2.39%, 0, 0, 2, 7915.84, 4451875, 11072
1760, 13, 30, 68, 15, 0, 2.39%, 0, 0, 2, 6724.56, 4482456, 11072
1765, 13, 35, 68, 15, 0, 2.39%, 0, 0, 2, 3195.98, 4503311, 11072
1770, 13, 6, 68, 14, 0, 2.39%, 0, 0, 2, 6486.99, 4531474, 11072
1775, 13, 35, 68, 14, 0, 2.39%, 0, 0, 2, 468.45, 4561270, 11072
1780, 13, 31, 68, 14, 0, 2.39%, 0, 0, 2, 7655.10, 4588969, 11072
1785, 13, 35, 68, 14, 0, 2.39%, 0, 0, 2, 2693.89, 4617704, 11072
1790, 13, 43, 68, 14, 0, 2.39%, 0, 0, 2, 2655.75, 4633136, 11072
1795, 14, 43, 68, 14, 0, 2.39%, 0, 0, 2, 6126.27, 4655729, 11072
1800, 14, 4, 68, 14, 0, 2.39%, 0, 0, 2, 5500.58, 4678436, 11072
1805, 14, 19, 68, 14, 0, 2.39%, 0, 0, 2, 6374.32, 4715041, 11072
1810, 14, 31, 68, 14, 0, 2.39%, 0, 0, 2, 8351.31, 4758885, 11072
1815, 14, 30, 68, 14, 0, 2.39%, 0, 0, 2, 6078.09, 4793840, 11072
1821, 14, 6, 68, 13, 0, 2.39%, 0, 0, 2, 7579.68, 4829863, 11072
1826, 14, 57, 68, 13, 0, 2.39%, 0, 0, 2, 7132.25, 4866914, 11072
1831, 14, 43, 68, 13, 0, 2.39%, 0, 0, 2, 566.11, 4883009, 11072
1836, 14, 43, 68, 13, 0, 2.39%, 0, 0, 2, 517.51, 4885606, 11072
1841, 14, 6, 68, 13, 0, 2.39%, 0, 0, 2, 3919.58, 4901688, 11072
1846, 14, 25, 68, 13, 0, 2.39%, 0, 0, 2, 6270.00, 4931961, 11072
1851, 14, 19, 68, 13, 0, 2.39%, 0, 0, 2, 4823.11, 4962126, 11072
1857, 14, 31, 68, 13, 0, 2.39%, 0, 0, 2, 7327.21, 4999261, 11072
1862, 14, 35, 68, 13, 0, 2.39%, 0, 0, 2, 7387.91, 5036452, 11072
1867, 14, 35, 68, 13, 0, 2.39%, 0, 0, 2, 8882.39, 5067552, 11072
1872, 15, 30, 68, 13, 0, 2.39%, 0, 0, 2, 9140.00, 5101443, 11072
1877, 15, 37, 68, 13, 0, 2.39%, 0, 0, 2, 599.91, 5119080, 11072
1882, 15, 37, 68, 13, 0, 2.39%, 0, 0, 2, 576.86, 5121950, 11072
1887, 15, 35, 68, 13, 0, 2.39%, 0, 0, 2, 477.88, 5147477, 11072
1892, 15, 52, 68, 13, 0, 2.39%, 0, 0, 2, 6870.01, 5184215, 11072
1897, 15, 30, 68, 13, 0, 2.39%, 0, 0, 2, 5470.35, 5212634, 11072
1903, 15, 37, 68, 13, 0, 2.39%, 0, 0, 2, 5928.23, 5246434, 11072
1908, 15, 25, 68, 13, 0, 2.39%, 0, 0, 2, 7057.99, 5282760, 11072
1913, 15, 4, 68, 13, 0, 2.39%, 0, 0, 2, 7217.67, 5317100, 11072
1918, 15, 43, 68, 13, 0, 2.39%, 0, 0, 2, 561.37, 5319888, 11072
1923, 15, 43, 68, 13, 0, 2.39%, 0, 0, 2, 4747.06, 5329211, 11072
1928, 15, 19, 68, 13, 0, 2.39%, 0, 0, 2, 8098.58, 5352515, 11072
1933, 15, 4, 68, 13, 0, 2.39%, 0, 0, 2, 5500.47, 5381740, 11072
1938, 15, 25, 68, 13, 0, 2.39%, 0, 0, 2, 8284.97, 5418628, 11072
1943, 15, 19, 68, 13, 0, 2.39%, 0, 0, 2, 4662.62, 5451008, 11072
1948, 15, 6, 68, 13, 0, 2.39%, 0, 0, 2, 8061.93, 5480915, 11072
1954, 15, 38, 68, 13, 0, 2.39%, 0, 0, 2, 705.93, 5487870, 11072
1959, 15, 65, 68, 13, 0, 2.39%, 0, 0, 2, 917.00, 5499438, 11072
1964, 15, 25, 68, 12, 0, 2.39%, 0, 0, 2, 6343.92, 5513341, 11072
1969, 15, 19, 68, 12, 0, 2.39%, 0, 0, 2, 6918.35, 5544255, 11072
1974, 16, 19, 68, 12, 0, 2.39%, 0, 0, 2, 5242.18, 5576623, 11072
1979, 16, 52, 68, 12, 0, 2.39%, 0, 0, 2, 509.63, 5599526, 11072
1984, 16, 52, 68, 12, 0, 2.39%, 0, 0, 2, 7772.41, 5631879, 11072
2318, 16, 52, 68, 12, 0, 2.39%, 0, 0, 2, 1.81, 5637714, 11072
2323, 16, 25, 68, 12, 0, 2.39%, 0, 0, 2, 5971.86, 5670232, 11072
2328, 16, 5, 68, 12, 0, 2.39%, 0, 0, 2, 7927.62, 5699877, 11072
2333, 16, 6, 68, 12, 0, 2.39%, 0, 0, 2, 8184.24, 5741079, 11072
2338, 16, 49, 68, 12, 0, 2.39%, 0, 0, 2, 658.91, 5765877, 11072
2344, 16, 4, 68, 12, 0, 2.39%, 0, 0, 2, 6471.94, 5785345, 11072
2349, 16, 19, 68, 12, 0, 2.39%, 0, 0, 2, 662.25, 5812008, 11072
3393, 16, 31, 68, 12, 0, 2.39%, 0, 0, 2, 1.44, 5820016, 11072
4374, 16, 19, 68, 12, 0, 2.39%, 0, 0, 2, 1.06, 5856569, 11072
5338, 16, 5, 68, 12, 0, 2.39%, 0, 0, 2, 0.77, 5886689, 11072
6248, 16, 38, 68, 12, 0, 2.39%, 0, 0, 2, 0.13, 5890121, 11072
7310, 16, 6, 68, 12, 0, 2.39%, 0, 0, 2, 0.58, 5904553, 11072
7315, 16, 30, 68, 12, 0, 2.39%, 0, 0, 2, 6360.16, 5941515, 11072
8233, 16, 30, 68, 12, 0, 2.39%, 0, 0, 2, 0.32, 5941807, 11072
9239, 16, 6, 68, 12, 0, 2.39%, 0, 0, 2, 0.90, 5979806, 11072
9244, 17, 52, 68, 12, 0, 2.39%, 0, 0, 2, 7640.14, 6017004, 11072
10180, 17, 30, 68, 12, 0, 2.39%, 0, 0, 2, 1.11, 6026228, 11072
10185, 17, 30, 68, 12, 0, 2.39%, 0, 0, 2, 6278.69, 6058808, 11072
11185, 17, 30, 68, 12, 0, 2.39%, 0, 0, 2, 0.47, 6059281, 11072
11190, 17, 31, 68, 12, 0, 2.39%, 0, 0, 2, 5742.93, 6093475, 11072
12191, 17, 31, 68, 12, 0, 2.39%, 0, 0, 2, 1.01, 6094485, 11072
12900, 17, 52, 68, 12, 0, 2.39%, 0, 0, 2, 1.85, 6133256, 11072
12905, 17, 30, 68, 12, 0, 2.39%, 0, 0, 2, 8138.82, 6162223, 11072
13857, 17, 30, 68, 12, 0, 2.39%, 0, 0, 2, 0.08, 6165327, 11072
14852, 17, 30, 68, 12, 0, 2.39%, 0, 0, 2, 0.14, 6192351, 11072
15890, 17, 19, 68, 12, 0, 2.39%, 0, 0, 2, 0.87, 6231803, 11072
16560, 17, 4, 68, 12, 0, 2.39%, 0, 0, 2, 2.64, 6264674, 11072
16565, 17, 56, 68, 12, 0, 2.39%, 0, 0, 2, 787.36, 6284819, 11072
16570, 17, 25, 68, 11, 0, 2.39%, 0, 0, 2, 8285.80, 6299973, 11072
17493, 17, 30, 68, 11, 0, 2.39%, 0, 0, 2, 1.18, 6307667, 11072
18471, 17, 25, 68, 11, 0, 2.39%, 0, 0, 2, 1.00, 6336532, 11072
19393, 17, 35, 68, 11, 0, 2.39%, 0, 0, 2, 1.31, 6376036, 11072
19398, 18, 25, 68, 11, 0, 2.39%, 0, 0, 2, 7264.73, 6414077, 11072
20015, 18, 25, 68, 11, 0, 2.39%, 0, 0, 2, 0.54, 6414409, 11072
20020, 18, 35, 68, 11, 0, 2.39%, 0, 0, 2, 7879.25, 6440562, 11072
20220, 18, 5, 68, 11, 0, 2.39%, 0, 0, 2, 11.16, 6455816, 11072
20225, 18, 52, 68, 11, 0, 2.39%, 0, 0, 2, 6256.20, 6485403, 11072
21294, 18, 31, 68, 11, 0, 2.39%, 0, 0, 2, 1.54, 6500988, 11072
22257, 18, 35, 68, 11, 0, 2.39%, 0, 0, 2, 1.41, 6536403, 11072
23793, 18, 52, 68, 11, 0, 2.39%, 0, 0, 2, 0.20, 6564303, 11072
23880, 18, 35, 68, 11, 0, 2.39%, 0, 0, 2, 12.84, 6594437, 11072
23885, 18, 33, 68, 11, 0, 2.39%, 0, 0, 2, 6817.41, 6631644, 11072
24894, 18, 19, 68, 11, 0, 2.39%, 0, 0, 2, 0.16, 6646699, 11072
24899, 18, 30, 68, 11, 0, 2.39%, 0, 0, 2, 1363.64, 6668985, 11072
25905, 18, 30, 68, 11, 0, 2.39%, 0, 0, 2, 0.02, 6669002, 11072
26964, 18, 25, 68, 11, 0, 2.39%, 0, 0, 2, 1.58, 6715365, 11072
26969, 18, 43, 68, 11, 0, 2.39%, 0, 0, 2, 472.95, 6719126, 11072
27987, 18, 43, 68, 11, 0, 2.39%, 0, 0, 2, 0.01, 6719135, 11072
27992, 18, 43, 68, 11, 0, 2.39%, 0, 0, 2, 6161.88, 6724739, 11072
29011, 18, 43, 68, 11, 0, 2.39%, 0, 0, 2, 0.95, 6725704, 11072
29016, 18, 38, 68, 11, 0, 2.39%, 0, 0, 2, 564.78, 6744803, 11072
29503, 18, 38, 68, 11, 0, 2.39%, 0, 0, 2, 0.09, 6744847, 11072
29508, 18, 38, 68, 11, 0, 2.39%, 0, 0, 2, 558.94, 6747795, 11072
29514, 18, 31, 68, 11, 0, 2.39%, 0, 0, 2, 3296.11, 6758330, 11072
30545, 18, 19, 68, 11, 0, 2.39%, 0, 0, 2, 0.39, 6774227, 11072
31456, 18, 48, 68, 11, 0, 2.39%, 0, 0, 2, 0.10, 6792938, 11072
32513, 18, 43, 68, 11, 0, 2.39%, 0, 0, 2, 0.37, 6826296, 11072
33470, 18, 30, 68, 11, 0, 2.39%, 0, 0, 2, 0.85, 6844752, 11072
34643, 19, 25, 68, 11, 0, 2.39%, 0, 0, 2, 0.71, 6873462, 11072
34648, 19, 31, 68, 11, 0, 2.39%, 0, 0, 2, 6043.65, 6901062, 11072
35608, 19, 31, 68, 11, 0, 2.39%, 0, 0, 2, 0.44, 6901482, 11072
36526, 19, 43, 68, 11, 0, 2.39%, 0, 0, 2, 0.08, 6916536, 11072
37590, 19, 31, 68, 11, 0, 2.39%, 0, 0, 2, 1.84, 6954917, 11072
38656, 19, 43, 68, 11, 0, 2.39%, 0, 0, 2, 0.10, 6968161, 11072
38661, 19, 43, 68, 11, 0, 2.39%, 0, 0, 2, 548.39, 6976252, 11072
39664, 19, 43, 68, 11, 0, 2.39%, 0, 0, 2, 0.02, 6976273, 11072
39669, 19, 4, 68, 11, 0, 2.39%, 0, 0, 2, 7016.73, 7010280, 11072
40651, 19, 4, 68, 11, 0, 2.39%, 0, 0, 2, 0.45, 7010723, 11072
41829, 19, 4, 68, 11, 0, 2.39%, 0, 0, 2, 0.62, 7045825, 11072
41834, 19, 19, 68, 11, 0, 2.39%, 0, 0, 2, 7719.26, 7079334, 11072
41840, 19, 6, 68, 11, 0, 2.39%, 0, 0, 2, 7789.99, 7119262, 11072
41845, 19, 35, 68, 11, 0, 2.39%, 0, 0, 2, 8494.29, 7162415, 11072
41850, 19, 19, 68, 11, 0, 2.39%, 0, 0, 2, 8686.02, 7207153, 11072
41855, 19, 40, 68, 11, 0, 2.39%, 0, 0, 2, 6054.22, 7226815, 11072
42889, 19, 40, 68, 11, 0, 2.39%, 0, 0, 2, 0.13, 7227519, 11072
43964, 19, 35, 68, 11, 0, 2.39%, 0, 0, 2, 1.23, 7255505, 11072
43969, 19, 19, 68, 11, 0, 2.39%, 0, 0, 2, 8380.55, 7282878, 11072
45018, 19, 19, 68, 11, 0, 2.39%, 0, 0, 2, 0.29, 7283178, 11072
46017, 20, 5, 68, 11, 0, 2.39%, 0, 0, 2, 0.88, 7316086, 11072
47054, 20, 40, 68, 11, 0, 2.39%, 0, 0, 2, 0.10, 7334221, 11072
48133, 20, 5, 68, 11, 0, 2.39%, 0, 0, 2, 0.97, 7374371, 11072
49053, 20, 31, 68, 11, 0, 2.39%, 0, 0, 2, 1.12, 7402232, 11072
49058, 20, 25, 68, 11, 0, 2.39%, 0, 0, 2, 8757.00, 7437079, 11072
49596, 20, 25, 68, 11, 0, 2.39%, 0, 0, 2, 0.33, 7437255, 11072
49601, 20, 35, 68, 11, 0, 2.39%, 0, 0, 2, 9726.09, 7473044, 11072
50513, 20, 19, 68, 11, 0, 2.39%, 0, 0, 2, 0.47, 7489580, 11072
51587, 20, 30, 68, 11, 0, 2.39%, 0, 0, 2, 0.84, 7519466, 11072
51675, 20, 57, 68, 11, 0, 2.39%, 0, 0, 2, 3.11, 7543119, 11072
51680, 20, 35, 68, 11, 0, 2.39%, 0, 0, 2, 3495.00, 7564230, 11072
52720, 20, 35, 68, 11, 0, 2.39%, 0, 0, 2, 0.11, 7596580, 11072
53654, 20, 25, 68, 11, 0, 2.39%, 0, 0, 2, 1.80, 7624014, 11072
53659, 20, 35, 68, 11, 0, 2.39%, 0, 0, 2, 5822.21, 7656213, 11072
54643, 20, 35, 68, 11, 0, 2.39%, 0, 0, 2, 0.19, 7656397, 11072
55599, 20, 52, 68, 11, 0, 2.39%, 0, 0, 2, 1.43, 7688471, 11072
55604, 20, 40, 68, 11, 0, 2.39%, 0, 0, 2, 5019.46, 7715621, 11072
56575, 20, 40, 68, 11, 0, 2.39%, 0, 0, 2, 0.37, 7715981, 11072
57537, 21, 19, 68, 11, 0, 2.39%, 0, 0, 2, 0.65, 7738672, 11072
58506, 21, 40, 68, 11, 0, 2.39%, 0, 0, 2, 0.18, 7746345, 11072
58936, 21, 5, 68, 11, 0, 2.39%, 0, 0, 2, 3.56, 7772882, 11072
58941, 21, 19, 68, 11, 0, 2.39%, 0, 0, 2, 5800.64, 7805498, 11072
59842, 21, 43, 68, 11, 0, 2.39%, 0, 0, 2, 0.09, 7807351, 11072
59847, 21, 43, 68, 11, 0, 2.39%, 0, 0, 2, 487.50, 7809872, 11072
60800, 21, 43, 68, 11, 0, 2.39%, 0, 0, 2, 0.05, 7809917, 11072
60805, 21, 35, 68, 11, 0, 2.39%, 0, 0, 2, 9192.84, 7821981, 11072
61741, 21, 35, 68, 11, 0, 2.39%, 0, 0, 2, 0.51, 7822460, 11072
61746, 21, 4, 68, 11, 0, 2.39%, 0, 0, 2, 10218.91, 7853623, 11072
62597, 21, 4, 68, 11, 0, 2.39%, 0, 0, 2, 0.22, 7853813, 11072
62602, 21, 43, 68, 11, 0, 2.39%, 0, 0, 2, 5991.98, 7877619, 11072
62609, 21, 19, 68, 11, 0, 2.39%, 0, 0, 2, 389.81, 7900465, 11072
62614, 21, 19, 68, 11, 0, 2.39%, 0, 0, 2, 6831.05, 7938246, 11072
63678, 21, 40, 68, 11, 0, 2.39%, 0, 0, 2, 0.09, 7946902, 11072
64620, 21, 6, 68, 11, 0, 2.39%, 0, 0, 2, 1.66, 7969410, 11072
64625, 21, 19, 68, 11, 0, 2.39%, 0, 0, 2, 6937.34, 7999619, 11072
65698, 21, 19, 68, 11, 0, 2.39%, 0, 0, 2, 0.28, 7999920, 11072
65703, 21, 30, 68, 11, 0, 2.39%, 0, 0, 2, 11758.98, 8032958, 11072
66084, 21, 30, 68, 11, 0, 2.39%, 0, 0, 2, 0.60, 8033187, 11072
66089, 21, 25, 68, 11, 0, 2.39%, 0, 0, 2, 7520.14, 8058430, 11072
66258, 21, 35, 68, 11, 0, 2.39%, 0, 0, 2, 2.50, 8072477, 11072
66263, 21, 4, 68, 11, 0, 2.39%, 0, 0, 2, 6753.33, 8111815, 11072
67202, 21, 6, 68, 11, 0, 2.39%, 0, 0, 2, 0.49, 8129950, 11072
68145, 22, 35, 68, 11, 0, 2.39%, 0, 0, 2, 1.29, 8162182, 11072
68150, 22, 52, 68, 11, 0, 2.39%, 0, 0, 2, 5460.95, 8195482, 11072
69102, 22, 52, 68, 11, 0, 2.39%, 0, 0, 2, 0.75, 8196192, 11072
69107, 22, 35, 68, 11, 0, 2.39%, 0, 0, 2, 4325.00, 8224547, 11072
69919, 22, 35, 68, 11, 0, 2.39%, 0, 0, 2, 0.52, 8224969, 11072
69924, 22, 4, 68, 11, 0, 2.39%, 0, 0, 2, 6925.20, 8258019, 11072
70930, 22, 31, 68, 11, 0, 2.39%, 0, 0, 2, 0.90, 8274527, 11072
70935, 22, 31, 68, 11, 0, 2.39%, 0, 0, 2, 7091.56, 8304961, 11072
71913, 22, 31, 68, 11, 0, 2.39%, 0, 0, 2, 0.17, 8305124, 11072
72877, 22, 35, 68, 11, 0, 2.39%, 0, 0, 2, 0.44, 8327133, 11072
73580, 22, 30, 68, 11, 0, 2.39%, 0, 0, 2, 1.26, 8353968, 11072
73585, 22, 35, 68, 11, 0, 2.39%, 0, 0, 2, 7479.08, 8380746, 11072
74518, 22, 6, 68, 11, 0, 2.39%, 0, 0, 2, 1.49, 8394239, 11072
74523, 22, 39, 68, 11, 0, 2.39%, 0, 0, 2, 2231.88, 8410559, 11072
75510, 22, 39, 68, 11, 0, 2.39%, 0, 0, 2, 0.04, 8410599, 11072
76544, 22, 30, 68, 11, 0, 2.39%, 0, 0, 2, 0.70, 8432473, 11072
77241, 22, 40, 68, 11, 0, 2.39%, 0, 0, 2, 1.38, 8460685, 11072
77246, 22, 19, 68, 11, 0, 2.39%, 0, 0, 2, 7809.47, 8493876, 11072
78246, 22, 4, 68, 11, 0, 2.39%, 0, 0, 2, 0.49, 8505118, 11072
78251, 22, 4, 68, 11, 0, 2.39%, 0, 0, 2, 7114.41, 8534361, 11072
79177, 22, 35, 68, 11, 0, 2.39%, 0, 0, 2, 0.80, 8535104, 11072
79182, 22, 43, 68, 11, 0, 2.39%, 0, 0, 2, 863.44, 8561028, 11072
80108, 22, 43, 68, 11, 0, 2.39%, 0, 0, 2, 0.19, 8563470, 11072
80902, 22, 35, 68, 11, 0, 2.39%, 0, 0, 2, 0.56, 8583719, 11072
80907, 22, 19, 68, 11, 0, 2.39%, 0, 0, 2, 5639.06, 8613224, 11072
80912, 23, 30, 68, 11, 0, 2.39%, 0, 0, 2, 600.63, 8639519, 11072
81813, 23, 4, 68, 11, 0, 2.39%, 0, 0, 2, 0.15, 8646990, 11072
82803, 23, 5, 68, 11, 0, 2.39%, 0, 0, 2, 1.05, 8682992, 11072
82808, 23, 5, 68, 11, 0, 2.39%, 0, 0, 2, 6853.88, 8719405, 11072
83741, 23, 5, 68, 11, 0, 2.39%, 0, 0, 2, 0.29, 8719679, 11072
84563, 23, 52, 68, 11, 0, 2.39%, 0, 0, 2, 1.20, 8753062, 11072
84568, 23, 39, 68, 11, 0, 2.39%, 0, 0, 2, 6671.05, 8784023, 11072
85542, 23, 39, 68, 11, 0, 2.39%, 0, 0, 2, 0.04, 8789703, 11072
86595, 23, 31, 68, 11, 0, 2.39%, 0, 0, 2, 1.10, 8815874, 11072
87553, 23, 52, 68, 11, 0, 2.39%, 0, 0, 2, 0.20, 8834519, 11072
87558, 23, 25, 68, 11, 0, 2.39%, 0, 0, 2, 1133.49, 8868050, 11072
88224, 23, 25, 68, 11, 0, 2.39%, 0, 0, 2, 0.08, 8868106, 11072
88229, 23, 30, 68, 11, 0, 2.39%, 0, 0, 2, 7781.91, 8898152, 11072
88357, 23, 39, 68, 11, 0, 2.39%, 0, 0, 2, 0.72, 8915362, 11072
88362, 23, 39, 68, 11, 0, 2.39%, 0, 0, 2, 689.16, 8919288, 11072
89338, 23, 30, 68, 11, 0, 2.39%, 0, 0, 2, 0.51, 8930187, 11072
90358, 23, 25, 68, 11, 0, 2.39%, 0, 0, 2, 1.02, 8967686, 11072
91411, 23, 4, 68, 11, 0, 2.39%, 0, 0, 2, 0.59, 9000204, 11072
91416, 23, 4, 68, 11, 0, 2.39%, 0, 0, 2, 9879.92, 9036119, 11072
91885, 24, 35, 68, 11, 0, 2.39%, 0, 0, 2, 0.42, 9036317, 11072
91890, 24, 35, 68, 11, 0, 2.39%, 0, 0, 2, 7452.37, 9064767, 11072
91895, 24, 35, 68, 11, 0, 2.39%, 0, 0, 2, 7417.01, 9101056, 11072
91901, 24, 35, 68, 11, 0, 2.39%, 0, 0, 2, 7270.80, 9137328, 11072
92806, 24, 30, 68, 11, 0, 2.39%, 0, 0, 2, 0.84, 9151630, 11072
93875, 24, 30, 68, 11, 0, 2.39%, 0, 0, 2, 0.00, 9153518, 11072
94838, 24, 35, 68, 11, 0, 2.39%, 0, 0, 2, 0.67, 9170431, 11072
94843, 24, 30, 68, 11, 0, 2.39%, 0, 0, 2, 551.45, 9187175, 11072
95546, 24, 30, 68, 11, 0, 2.39%, 0, 0, 2, 0.09, 9187241, 11072
95551, 24, 30, 68, 11, 0, 2.39%, 0, 0, 2, 1628.53, 9202259, 11072
96518, 24, 25, 68, 11, 0, 2.39%, 0, 0, 2, 0.08, 9215470, 11072
96523, 24, 19, 68, 11, 0, 2.39%, 0, 0, 2, 7400.55, 9244919, 11072
97453, 24, 5, 68, 11, 0, 2.39%, 0, 0, 2, 0.96, 9245813, 11072
97458, 24, 31, 68, 11, 0, 2.39%, 0, 0, 2, 8439.91, 9273120, 11072
98486, 24, 31, 68, 11, 0, 2.39%, 0, 0, 2, 0.75, 9273889, 11072
98491, 24, 25, 68, 11, 0, 2.39%, 0, 0, 2, 7708.27, 9305677, 11072
99207, 24, 25, 68, 11, 0, 2.39%, 0, 0, 2, 0.62, 9306120, 11072
99212, 24, 19, 68, 11, 0, 2.39%, 0, 0, 2, 5615.11, 9335752, 11072
100181, 24, 30, 68, 11, 0, 2.39%, 0, 0, 2, 0.58, 9349857, 11072
100186, 24, 6, 68, 11, 0, 2.39%, 0, 0, 2, 5978.11, 9384172, 11072
101211, 24, 6, 68, 11, 0, 2.39%, 0, 0, 2, 0.35, 9384535, 11072
102261, 24, 25, 68, 11, 0, 2.39%, 0, 0, 2, 1.32, 9410977, 11072
102868, 24, 31, 68, 11, 0, 2.39%, 0, 0, 2, 2.79, 9446520, 11072
102873, 24, 43, 68, 11, 0, 2.39%, 0, 0, 2, 4843.01, 9471933, 11072
103924, 24, 43, 68, 11, 0, 2.39%, 0, 0, 2, 0.87, 9483018, 11072
104904, 25, 30, 68, 11, 0, 2.39%, 0, 0, 2, 0.29, 9516020, 11072
105885, 25, 35, 68, 11, 0, 2.39%, 0, 0, 2, 1.31, 9545681, 11072
106529, 25, 52, 68, 11, 0, 2.39%, 0, 0, 2, 2.63, 9575904, 11072
106534, 25, 25, 68, 11, 0, 2.39%, 0, 0, 2, 6671.98, 9609587, 11072
107517, 25, 30, 68, 11, 0, 2.39%, 0, 0, 2, 0.12, 9618553, 11072
107522, 25, 25, 68, 11, 0, 2.39%, 0, 0, 2, 7147.69, 9646659, 11072
108556, 25, 25, 68, 11, 0, 2.39%, 0, 0, 2, 0.43, 9647105, 11072
108757, 25, 35, 68, 11, 0, 2.39%, 0, 0, 2, 5.78, 9681063, 11072
108762, 25, 30, 68, 11, 0, 2.39%, 0, 0, 2, 876.85, 9717620, 11072
109808, 25, 25, 68, 11, 0, 2.39%, 0, 0, 2, 0.18, 9733491, 11072
110729, 25, 19, 68, 11, 0, 2.39%, 0, 0, 2, 0.64, 9762651, 11072
111636, 25, 40, 68, 11, 0, 2.39%, 0, 0, 2, 0.41, 9796977, 11072
112704, 25, 35, 68, 11, 0, 2.39%, 0, 0, 2, 0.41, 9820017, 11072
112709, 25, 30, 68, 11, 0, 2.39%, 0, 0, 2, 5379.01, 9848525, 11072
113682, 25, 30, 68, 11, 0, 2.39%, 0, 0, 2, 0.20, 9848720, 11072
114682, 25, 31, 68, 11, 0, 2.39%, 0, 0, 2, 1.07, 9880387, 11072
115743, 25, 25, 68, 11, 0, 2.39%, 0, 0, 2, 1.98, 9919056, 11072
116767, 26, 56, 68, 11, 0, 2.39%, 0, 0, 2, 0.06, 9952950, 11072
116772, 26, 56, 68, 11, 0, 2.39%, 0, 0, 2, 2920.55, 9956816, 11072
117695, 26, 56, 68, 11, 0, 2.39%, 0, 0, 2, 0.11, 9956920, 11072
118763, 26, 41, 68, 11, 0, 2.39%, 0, 0, 2, 0.11, 9974369, 11072
119794, 26, 41, 68, 11, 0, 2.39%, 0, 0, 2, 1.04, 9979646, 11072
119799, 26, 60, 68, 10, 0, 2.39%, 0, 0, 2, 1336.40, 9988784, 11072
120831, 26, 60, 68, 10, 0, 2.39%, 0, 0, 2, 0.01, 9988793, 11072
121752, 26, 25, 68, 9, 0, 2.39%, 0, 0, 2, 1.64, 10007111, 11072
122756, 26, 19, 68, 9, 0, 2.39%, 0, 0, 2, 0.73, 10036275, 11072
123797, 26, 19, 68, 9, 0, 2.39%, 0, 0, 2, 0.76, 10070643, 11072
124701, 26, 43, 68, 9, 0, 2.39%, 0, 0, 2, 0.17, 10095091, 11072
125706, 26, 43, 68, 9, 0, 2.39%, 0, 0, 2, 0.07, 10098715, 11072
126681, 26, 35, 68, 9, 0, 2.39%, 0, 0, 2, 1.69, 10124654, 11072
128330, 26, 6, 68, 9, 0, 2.39%, 0, 0, 2, 0.74, 10152387, 11072
128335, 26, 6, 68, 9, 0, 2.39%, 0, 0, 2, 8099.01, 10176781, 11072
129278, 26, 6, 68, 9, 0, 2.39%, 0, 0, 2, 0.18, 10176948, 11072
130360, 26, 25, 68, 9, 0, 2.39%, 0, 0, 2, 0.88, 10209336, 11072
131392, 26, 49, 68, 9, 0, 2.39%, 0, 0, 2, 0.29, 10242133, 11072
132463, 26, 35, 68, 9, 0, 2.39%, 0, 0, 2, 0.98, 10265156, 11072
133431, 26, 35, 68, 9, 0, 2.39%, 0, 0, 2, 0.63, 10290056, 11072
134458, 26, 30, 68, 9, 0, 2.39%, 0, 0, 2, 0.10, 10310951, 11072
134463, 26, 35, 68, 9, 0, 2.39%, 0, 0, 2, 6572.97, 10344319, 11072
135470, 26, 31, 68, 9, 0, 2.39%, 0, 0, 2, 0.14, 10364709, 11072
136464, 26, 39, 68, 9, 0, 2.39%, 0, 0, 2, 0.03, 10385511, 11072
137420, 26, 39, 68, 9, 0, 2.39%, 0, 0, 2, 0.14, 10388481, 11072
137425, 27, 6, 68, 9, 0, 2.39%, 0, 0, 2, 10037.02, 10406907, 11072
138337, 27, 6, 68, 9, 0, 2.39%, 0, 0, 2, 0.49, 10407356, 11072
138342, 27, 19, 68, 9, 0, 2.39%, 0, 0, 2, 6299.60, 10442477, 11072
139379, 27, 25, 68, 9, 0, 2.39%, 0, 0, 2, 0.42, 10467116, 11072
140323, 27, 31, 68, 9, 0, 2.39%, 0, 0, 2, 0.42, 10496555, 11072
140328, 27, 35, 68, 9, 0, 2.39%, 0, 0, 2, 7194.49, 10529501, 11072
141332, 27, 35, 68, 9, 0, 2.39%, 0, 0, 2, 0.74, 10530243, 11072
141337, 27, 19, 68, 9, 0, 2.39%, 0, 0, 2, 7290.00, 10561567, 11072
141719, 27, 19, 68, 9, 0, 2.39%, 0, 0, 2, 1.10, 10561987, 11072
141724, 27, 39, 68, 9, 0, 2.39%, 0, 0, 2, 5784.88, 10589699, 11072
142760, 27, 39, 68, 9, 0, 2.39%, 0, 0, 2, 0.03, 10595896, 11072
143770, 27, 52, 68, 9, 0, 2.39%, 0, 0, 2, 0.75, 10630207, 11072
144767, 27, 37, 68, 9, 0, 2.39%, 0, 0, 2, 0.10, 10642810, 11072
144798, 27, 37, 68, 9, 0, 2.39%, 0, 0, 2, 6.92, 10651933, 11072
144803, 27, 30, 68, 9, 0, 2.39%, 0, 0, 2, 9236.27, 10687156, 11072
144808, 27, 30, 68, 9, 0, 2.39%, 0, 0, 2, 2438.39, 10710212, 11072
145380, 27, 19, 68, 9, 0, 2.39%, 0, 0, 2, 1.58, 10744330, 11072
145385, 27, 31, 68, 9, 0, 2.39%, 0, 0, 2, 6727.63, 10782989, 11072
146328, 27, 31, 68, 9, 0, 2.39%, 0, 0, 2, 1.89, 10801156, 11072
147140, 27, 4, 68, 9, 0, 2.39%, 0, 0, 2, 1.88, 10847237, 11072
147145, 28, 35, 68, 9, 0, 2.39%, 0, 0, 2, 5727.14, 10883591, 11072
147195, 28, 35, 68, 9, 0, 2.39%, 0, 0, 2, 25.71, 10894401, 11072
147200, 28, 19, 68, 9, 0, 2.39%, 0, 0, 2, 5771.37, 10925609, 11072
147341, 28, 35, 68, 9, 0, 2.39%, 0, 0, 2, 1.36, 10935856, 11072
147346, 28, 6, 68, 9, 0, 2.39%, 0, 0, 2, 5379.35, 10964656, 11072
147351, 28, 35, 68, 9, 0, 2.39%, 0, 0, 2, 9438.45, 10997850, 11072
147474, 28, 25, 68, 9, 0, 2.39%, 0, 0, 2, 6.07, 11002426, 11072
147479, 28, 35, 68, 9, 0, 2.39%, 0, 0, 2, 9075.19, 11023457, 11072
147484, 28, 52, 68, 9, 0, 2.39%, 0, 0, 2, 7786.70, 11049715, 11072
147489, 28, 19, 68, 9, 0, 2.39%, 0, 0, 2, 6693.44, 11079226, 11072
147494, 28, 30, 68, 9, 0, 2.39%, 0, 0, 2, 8090.75, 11113838, 11072
147499, 28, 30, 68, 9, 0, 2.39%, 0, 0, 2, 8006.57, 11147790, 11072
147505, 28, 6, 68, 9, 0, 2.39%, 0, 0, 2, 7784.22, 11179613, 11072
147510, 28, 19, 68, 9, 0, 2.39%, 0, 0, 2, 7888.39, 11208417, 11072
147515, 28, 61, 68, 9, 0, 2.39%, 0, 0, 2, 573.83, 11212208, 11072
147520, 28, 35, 68, 8, 0, 2.39%, 0, 0, 2, 7143.52, 11244598, 11072
147525, 28, 39, 68, 8, 0, 2.39%, 0, 0, 2, 738.76, 11249663, 11072
147530, 28, 19, 68, 8, 0, 2.39%, 0, 0, 2, 4321.06, 11264339, 11072
147535, 28, 19, 68, 8, 0, 2.39%, 0, 0, 2, 4920.52, 11292858, 11072
147540, 29, 35, 68, 8, 0, 2.39%, 0, 0, 2, 904.98, 11298848, 11072
147546, 29, 19, 68, 8, 0, 2.39%, 0, 0, 2, 7150.23, 11321997, 11072
147551, 29, 37, 68, 8, 0, 2.39%, 0, 0, 2, 765.39, 11326496, 11072
147556, 29, 6, 68, 8, 0, 2.39%, 0, 0, 2, 9514.56, 11346157, 11072
147561, 29, 31, 68, 8, 0, 2.39%, 0, 0, 2, 2468.77, 11361207, 11072
147566, 29, 40, 68, 8, 0, 2.39%, 0, 0, 2, 5329.26, 11391788, 11072
147571, 29, 31, 68, 8, 0, 2.39%, 0, 0, 2, 5725.76, 11415871, 11072
147576, 29, 31, 68, 8, 0, 2.39%, 0, 0, 2, 4931.80, 11441543, 11072
147582, 29, 4, 68, 8, 0, 2.39%, 0, 0, 2, 9394.51, 11481344, 11072
147587, 29, 43, 68, 8, 0, 2.39%, 0, 0, 2, 1091.44, 11492636, 11072
147592, 29, 57, 68, 8, 0, 2.39%, 0, 0, 2, 2684.91, 11504993, 11072
147597, 29, 58, 68, 8, 0, 2.39%, 0, 0, 2, 617.05, 11519430, 11072
147602, 29, 35, 68, 7, 0, 2.39%, 0, 0, 2, 7825.45, 11537257, 11072
147607, 29, 25, 68, 7, 0, 2.39%, 0, 0, 2, 7090.98, 11564973, 11072
147612, 29, 19, 68, 7, 0, 2.39%, 0, 0, 2, 8140.04, 11602057, 11072
147617, 29, 5, 68, 7, 0, 2.39%, 0, 0, 2, 7593.76, 11638658, 11072
147622, 29, 19, 68, 7, 0, 2.39%, 0, 0, 2, 4206.43, 11666884, 11072
147627, 29, 4, 68, 7, 0, 2.39%, 0, 0, 2, 8813.34, 11699132, 11072
147633, 29, 6, 68, 7, 0, 2.39%, 0, 0, 2, 8163.23, 11740815, 11072
147638, 30, 35, 68, 7, 0, 2.39%, 0, 0, 2, 600.41, 11775103, 11072
147643, 30, 4, 68, 7, 0, 2.39%, 0, 0, 2, 6509.84, 11809957, 11072
147648, 30, 19, 68, 7, 0, 2.39%, 0, 0, 2, 7233.22, 11847450, 11072
147653, 30, 30, 68, 7, 0, 2.39%, 0, 0, 2, 7211.52, 11883903, 11072
147658, 30, 30, 68, 7, 0, 2.39%, 0, 0, 2, 5879.23, 11911894, 11072
147663, 30, 4, 68, 7, 0, 2.39%, 0, 0, 2, 2727.09, 11930282, 11072
147668, 30, 6, 68, 7, 0, 2.39%, 0, 0, 2, 2837.95, 11945567, 11072
147673, 30, 38, 68, 7, 0, 2.39%, 0, 0, 2, 1617.61, 11953757, 11072
147679, 30, 52, 68, 7, 0, 2.39%, 0, 0, 2, 6697.88, 11966838, 11072
147684, 30, 35, 68, 7, 0, 2.39%, 0, 0, 2, 857.02, 11986840, 11072
147689, 30, 31, 68, 7, 0, 2.39%, 0, 0, 2, 7589.99, 12022508, 11072
147694, 30, 59, 68, 7, 0, 2.39%, 0, 0, 2, 475.19, 12055616, 11072
147699, 30, 37, 68, 6, 0, 2.39%, 0, 0, 2, 4156.40, 12064418, 11072
147704, 30, 4, 68, 6, 0, 2.39%, 0, 0, 2, 7330.16, 12082844, 11072
147709, 30, 52, 68, 6, 0, 2.39%, 0, 0, 2, 1317.39, 12116895, 11072
147715, 30, 25, 68, 6, 0, 2.39%, 0, 0, 2, 7481.14, 12142113, 11072
147720, 30, 35, 68, 6, 0, 2.39%, 0, 0, 2, 3933.46, 12175120, 11072
147725, 31, 19, 68, 6, 0, 2.39%, 0, 0, 2, 6630.68, 12211928, 11072
147730, 31, 19, 68, 6, 0, 2.39%, 0, 0, 2, 11524.97, 12246803, 11072
147735, 31, 40, 68, 6, 0, 2.39%, 0, 0, 2, 7014.63, 12279286, 11072
147740, 31, 19, 68, 6, 0, 2.39%, 0, 0, 2, 5929.48, 12300604, 11072
147745, 31, 30, 68, 6, 0, 2.39%, 0, 0, 2, 9000.08, 12333836, 11072
147750, 31, 43, 68, 6, 0, 2.39%, 0, 0, 2, 548.70, 12356638, 11072
147756, 31, 43, 68, 6, 0, 2.39%, 0, 0, 2, 509.65, 12359218, 11072
147761, 31, 43, 68, 6, 0, 2.39%, 0, 0, 2, 4124.96, 12367810, 11072
147766, 31, 35, 68, 6, 0, 2.39%, 0, 0, 2, 6346.75, 12402308, 11072
147771, 31, 43, 68, 6, 0, 2.39%, 0, 0, 2, 684.41, 12421374, 11072
147776, 31, 19, 68, 6, 0, 2.39%, 0, 0, 2, 6511.44, 12447657, 11072
147781, 31, 30, 68, 6, 0, 2.39%, 0, 0, 2, 6144.69, 12473226, 11072
147786, 31, 11, 68, 6, 0, 2.39%, 0, 0, 2, 1003.11, 12501976, 11072
147791, 31, 8, 68, 6, 0, 2.39%, 0, 0, 2, 8951.93, 12527005, 11072
147796, 31, 30, 68, 6, 0, 2.39%, 0, 0, 2, 830.99, 12556257, 11072
147802, 31, 30, 68, 6, 0, 2.39%, 0, 0, 2, 514.64, 12584114, 11072
147807, 31, 52, 68, 6, 0, 2.39%, 0, 0, 2, 4778.43, 12610656, 11072
147812, 31, 25, 68, 6, 0, 2.39%, 0, 0, 2, 5368.03, 12636761, 11072
147817, 32, 5, 68, 6, 0, 2.39%, 0, 0, 2, 6649.02, 12664620, 11072
147822, 32, 4, 68, 6, 0, 2.39%, 0, 0, 2, 6394.18, 12701764, 11072
147827, 32, 35, 68, 6, 0, 2.39%, 0, 0, 2, 7734.22, 12732357, 11072
147832, 32, 35, 68, 6, 0, 2.39%, 0, 0, 2, 5492.87, 12761263, 11072
147837, 32, 31, 68, 6, 0, 2.39%, 0, 0, 2, 7309.69, 12787664, 11072
147843, 32, 35, 68, 6, 0, 2.39%, 0, 0, 2, 6437.13, 12819882, 11072
147848, 32, 6, 68, 6, 0, 2.39%, 0, 0, 2, 5947.13, 12845573, 11072
147853, 32, 6, 68, 6, 0, 2.39%, 0, 0, 2, 6626.19, 12877516, 11072
147858, 32, 38, 68, 6, 0, 2.39%, 0, 0, 2, 727.64, 12888192, 11072
147863, 32, 52, 68, 6, 0, 2.39%, 0, 0, 2, 6060.93, 12918783, 11072
147868, 32, 25, 68, 6, 0, 2.39%, 0, 0, 2, 5532.33, 12949066, 11072
147873, 32, 35, 68, 6, 0, 2.39%, 0, 0, 2, 6910.47, 12984424, 11072
147878, 32, 39, 68, 6, 0, 2.39%, 0, 0, 2, 709.38, 13005216, 11072
147883, 32, 39, 68, 6, 0, 2.39%, 0, 0, 2, 589.92, 13008016, 11072
147888, 32, 5, 68, 6, 0, 2.39%, 0, 0, 2, 8827.78, 13028894, 11072
147893, 32, 19, 68, 6, 0, 2.39%, 0, 0, 2, 7484.49, 13063087, 11072
147898, 33, 19, 68, 6, 0, 2.39%, 0, 0, 2, 2507.74, 13087778, 11072
147904, 33, 25, 68, 6, 0, 2.39%, 0, 0, 2, 7074.21, 13129770, 11072
147909, 33, 30, 68, 6, 0, 2.39%, 0, 0, 2, 5999.08, 13160102, 11072
147914, 33, 35, 68, 6, 0, 2.39%, 0, 0, 2, 8064.13, 13179623, 11072
147919, 33, 35, 68, 6, 0, 2.39%, 0, 0, 2, 7551.10, 13218310, 11072
147924, 33, 19, 68, 6, 0, 2.39%, 0, 0, 2, 1187.05, 13239550, 11072
147929, 33, 6, 68, 6, 0, 2.39%, 0, 0, 2, 7013.09, 13275000, 11072
147934, 33, 19, 68, 6, 0, 2.39%, 0, 0, 2, 7443.66, 13306163, 11072
147939, 33, 31, 68, 6, 0, 2.39%, 0, 0, 2, 7492.33, 13343063, 11072
147945, 33, 35, 68, 6, 0, 2.39%, 0, 0, 2, 5026.49, 13375979, 11072
147950, 33, 19, 68, 6, 0, 2.39%, 0, 0, 2, 4587.69, 13408657, 11072
147950, 33, 4, 68, 6, 0, 2.39%, 0, 0, 2, 5139.27, 13413776, 11072
