# relative_time, cycles_done, cur_item, corpus_count, pending_total, pending_favs, map_size, saved_crashes, saved_hangs, max_depth, execs_per_sec, total_execs, edges_found
61, 4, 22, 49, 19, 0, 2.29%, 0, 0, 6, 4702.03, 158799, 10386
66, 5, 0, 49, 16, 0, 2.29%, 0, 0, 6, 3008.63, 179023, 10386
71, 6, 0, 49, 12, 0, 2.29%, 0, 0, 6, 4177.32, 200302, 10386
76, 6, 0, 49, 12, 0, 2.29%, 0, 0, 6, 4106.46, 220755, 10386
81, 7, 0, 49, 10, 0, 2.29%, 0, 0, 6, 4163.62, 242050, 10386
86, 8, 0, 49, 9, 0, 2.29%, 0, 0, 6, 4262.30, 261164, 10386
91, 9, 0, 49, 8, 0, 2.29%, 0, 0, 6, 4350.12, 282060, 10386
96, 9, 2, 49, 8, 0, 2.29%, 0, 0, 6, 4255.05, 303093, 10386
102, 10, 0, 49, 8, 0, 2.29%, 0, 0, 6, 4433.48, 325819, 10386
107, 11, 1, 49, 8, 0, 2.29%, 0, 0, 6, 4159.67, 346501, 10386
112, 12, 35, 49, 8, 0, 2.29%, 0, 0, 6, 3375.33, 364162, 10386
117, 13, 0, 49, 8, 0, 2.29%, 0, 0, 6, 4243.24, 386358, 10386
122, 13, 0, 49, 8, 0, 2.29%, 0, 0, 6, 4137.53, 406800, 10386
127, 14, 0, 49, 8, 0, 2.29%, 0, 0, 6, 3775.01, 424440, 10386
132, 15, 0, 49, 7, 0, 2.29%, 0, 0, 6, 4063.77, 445427, 10386
137, 16, 0, 49, 7, 0, 2.29%, 0, 0, 6, 3919.16, 465194, 10386
143, 16, 35, 49, 6, 0, 2.29%, 0, 0, 6, 4186.01, 485778, 10386
148, 17, 1, 49, 6, 0, 2.29%, 0, 0, 6, 4242.76, 506408, 10386
153, 18, 0, 49, 6, 0, 2.29%, 0, 0, 6, 4487.06, 528407, 10386
158, 18, 20, 49, 6, 0, 2.29%, 0, 0, 6, 4479.13, 545696, 10386
163, 19, 2, 49, 6, 0, 2.29%, 0, 0, 6, 4857.95, 569316, 10386
168, 20, 0, 49, 6, 0, 2.29%, 0, 0, 6, 4226.94, 590114, 10386
173, 20, 3, 49, 6, 0, 2.29%, 0, 0, 6, 3972.60, 610482, 10386
178, 21, 26, 49, 6, 0, 2.29%, 0, 0, 6, 4303.56, 628732, 10386
183, 22, 0, 49, 6, 0, 2.29%, 0, 0, 6, 6435.00, 646788, 10386
188, 22, 0, 49, 6, 0, 2.29%, 0, 0, 6, 4635.59, 668271, 10386
193, 23, 0, 49, 6, 0, 2.29%, 0, 0, 6, 4185.44, 688130, 10386
199, 24, 22, 49, 6, 0, 2.29%, 0, 0, 6, 3687.76, 707532, 10386
204, 25, 22, 49, 6, 0, 2.29%, 0, 0, 6, 4051.94, 727743, 10386
209, 25, 22, 49, 6, 0, 2.29%, 0, 0, 6, 4129.74, 749366, 10386
214, 26, 0, 49, 6, 0, 2.29%, 0, 0, 6, 3519.27, 768321, 10386
219, 27, 22, 49, 6, 0, 2.29%, 0, 0, 6, 4573.35, 786422, 10386
224, 28, 26, 49, 6, 0, 2.29%, 0, 0, 6, 4321.36, 807819, 10386
229, 28, 22, 49, 6, 0, 2.29%, 0, 0, 6, 4529.40, 830991, 10386
234, 29, 1, 49, 6, 0, 2.29%, 0, 0, 6, 4139.73, 851045, 10386
239, 30, 32, 49, 6, 0, 2.29%, 0, 0, 6, 4025.83, 869643, 10386
245, 31, 26, 49, 6, 0, 2.29%, 0, 0, 6, 4155.89, 891162, 10386
250, 31, 3, 49, 6, 0, 2.29%, 0, 0, 6, 3870.22, 909996, 10386
255, 32, 1, 49, 6, 0, 2.29%, 0, 0, 6, 3932.85, 929977, 10386
260, 33, 22, 49, 6, 0, 2.29%, 0, 0, 6, 2863.21, 947696, 10386
265, 34, 1, 49, 6, 0, 2.29%, 0, 0, 6, 3585.56, 966377, 10386
270, 34, 35, 49, 6, 0, 2.29%, 0, 0, 6, 3883.92, 987044, 10386
275, 35, 20, 49, 6, 0, 2.29%, 0, 0, 6, 3748.39, 1004883, 10386
280, 36, 43, 49, 6, 0, 2.29%, 0, 0, 6, 3801.06, 1024539, 10386
285, 37, 22, 49, 6, 0, 2.29%, 0, 0, 6, 4041.42, 1044018, 10386
290, 37, 22, 49, 6, 0, 2.29%, 0, 0, 6, 3334.30, 1062990, 10386
296, 38, 26, 49, 6, 0, 2.29%, 0, 0, 6, 3468.91, 1081374, 10386
301, 39, 0, 49, 6, 0, 2.29%, 0, 0, 6, 3663.04, 1099946, 10386
306, 39, 20, 49, 6, 0, 2.29%, 0, 0, 6, 4639.50, 1117882, 10386
311, 40, 22, 49, 6, 0, 2.29%, 0, 0, 6, 4415.12, 1138802, 10386
316, 40, 46, 49, 6, 0, 2.29%, 0, 0, 6, 506.13, 1154402, 10386
321, 41, 35, 49, 5, 0, 2.29%, 0, 0, 6, 385.00, 1167364, 10386
326, 42, 0, 49, 5, 0, 2.29%, 0, 0, 6, 3302.32, 1183331, 10386
331, 42, 0, 49, 5, 0, 2.29%, 0, 0, 6, 3544.15, 1201200, 10386
336, 43, 0, 49, 5, 0, 2.29%, 0, 0, 6, 5040.65, 1223078, 10386
341, 44, 0, 49, 5, 0, 2.29%, 0, 0, 6, 4234.67, 1243152, 10386
346, 44, 0, 49, 5, 0, 2.29%, 0, 0, 6, 4581.58, 1266252, 10386
351, 45, 26, 49, 5, 0, 2.29%, 0, 0, 6, 4207.93, 1287875, 10386
356, 46, 1, 49, 5, 0, 2.29%, 0, 0, 6, 3904.96, 1307759, 10386
362, 46, 33, 49, 5, 0, 2.29%, 0, 0, 6, 389.67, 1326257, 10386
367, 47, 3, 49, 4, 0, 2.29%, 0, 0, 6, 4155.94, 1346142, 10386
372, 48, 20, 49, 4, 0, 2.29%, 0, 0, 6, 4750.50, 1364441, 10386
377, 48, 44, 49, 4, 0, 2.29%, 0, 0, 6, 1729.06, 1366768, 10386
382, 48, 22, 49, 3, 0, 2.29%, 0, 0, 6, 710.00, 1386606, 10386
387, 49, 1, 49, 3, 0, 2.29%, 0, 0, 6, 4030.32, 1408411, 10386
392, 50, 22, 49, 3, 0, 2.29%, 0, 0, 6, 4246.99, 1429850, 10386
397, 51, 0, 49, 3, 0, 2.29%, 0, 0, 6, 4468.80, 1452794, 10386
402, 51, 20, 49, 3, 0, 2.29%, 0, 0, 6, 3983.17, 1470830, 10386
407, 52, 22, 49, 3, 0, 2.29%, 0, 0, 6, 4132.25, 1490386, 10386
412, 53, 0, 49, 3, 0, 2.29%, 0, 0, 6, 1406.76, 1508482, 10386
417, 54, 1, 49, 3, 0, 2.29%, 0, 0, 6, 3514.49, 1529967, 10386
423, 54, 0, 49, 3, 0, 2.29%, 0, 0, 6, 4691.92, 1548885, 10386
428, 55, 0, 49, 3, 0, 2.29%, 0, 0, 6, 4112.95, 1570122, 10386
433, 56, 27, 49, 3, 0, 2.29%, 0, 0, 6, 3853.58, 1588989, 10386
438, 57, 0, 49, 3, 0, 2.29%, 0, 0, 6, 4245.00, 1610165, 10386
443, 57, 0, 49, 3, 0, 2.29%, 0, 0, 6, 4509.50, 1633715, 10386
448, 58, 0, 49, 3, 0, 2.29%, 0, 0, 6, 3959.01, 1653267, 10386
453, 59, 2, 49, 3, 0, 2.29%, 0, 0, 6, 3691.98, 1672296, 10386
458, 60, 0, 49, 3, 0, 2.29%, 0, 0, 6, 4607.09, 1696425, 10386
463, 60, 22, 49, 3, 0, 2.29%, 0, 0, 6, 4581.09, 1714546, 10386
469, 61, 2, 49, 3, 0, 2.29%, 0, 0, 6, 4071.04, 1733950, 10386
474, 62, 0, 49, 3, 0, 2.29%, 0, 0, 6, 4359.16, 1755809, 10386
479, 62, 22, 49, 3, 0, 2.29%, 0, 0, 6, 4017.48, 1776447, 10386
484, 63, 6, 49, 3, 0, 2.29%, 0, 0, 6, 4343.51, 1797516, 10386
487, 63, 0, 49, 3, 0, 2.29%, 0, 0, 6, 4395.36, 1810114, 10386
548, 68, 22, 55, 26, 0, 2.29%, 0, 0, 2, 3365.75, 199217, 10386
553, 68, 9, 55, 25, 0, 2.29%, 0, 0, 2, 3237.17, 215082, 10386
558, 69, 37, 55, 24, 0, 2.29%, 0, 0, 2, 3076.16, 230833, 10386
563, 69, 37, 55, 24, 0, 2.29%, 0, 0, 2, 3066.53, 246783, 10386
568, 69, 33, 55, 23, 0, 2.29%, 0, 0, 2, 3381.44, 264133, 10386
574, 70, 22, 55, 23, 0, 2.29%, 0, 0, 2, 3278.91, 280382, 10386
579, 70, 9, 55, 22, 0, 2.29%, 0, 0, 2, 3151.86, 296445, 10386
584, 70, 37, 55, 22, 0, 2.29%, 0, 0, 2, 3196.48, 312014, 10386
589, 71, 21, 55, 22, 0, 2.29%, 0, 0, 2, 3440.10, 329346, 10386
594, 71, 44, 55, 21, 0, 2.29%, 0, 0, 2, 3690.48, 349146, 10386
599, 71, 22, 55, 21, 0, 2.29%, 0, 0, 2, 3772.86, 368993, 10386
604, 72, 42, 55, 21, 0, 2.29%, 0, 0, 2, 3575.21, 387154, 10386
609, 72, 9, 55, 21, 0, 2.29%, 0, 0, 2, 2613.95, 403534, 10386
614, 72, 37, 55, 21, 0, 2.29%, 0, 0, 2, 3221.63, 418848, 10386
620, 73, 33, 55, 20, 0, 2.29%, 0, 0, 2, 3708.00, 437055, 10386
625, 73, 37, 55, 20, 0, 2.29%, 0, 0, 2, 3848.25, 456686, 10386
630, 74, 37, 55, 20, 0, 2.29%, 0, 0, 2, 3889.59, 475628, 10386
635, 74, 22, 55, 20, 0, 2.29%, 0, 0, 2, 3612.68, 492899, 10386
640, 74, 44, 55, 20, 0, 2.29%, 0, 0, 2, 3609.53, 510871, 10386
645, 75, 9, 55, 19, 0, 2.29%, 0, 0, 2, 3694.55, 528584, 10386
650, 75, 37, 55, 19, 0, 2.29%, 0, 0, 2, 3795.48, 546425, 10386
655, 75, 37, 55, 19, 0, 2.29%, 0, 0, 2, 3669.29, 564653, 10386
660, 76, 44, 55, 18, 0, 2.29%, 0, 0, 2, 3883.13, 584227, 10386
665, 76, 21, 55, 18, 0, 2.29%, 0, 0, 2, 3759.08, 600998, 10386
671, 76, 22, 55, 18, 0, 2.29%, 0, 0, 2, 3687.72, 620000, 10386
676, 77, 37, 55, 16, 0, 2.29%, 0, 0, 2, 3620.57, 639091, 10386
681, 77, 9, 55, 16, 0, 2.29%, 0, 0, 2, 609.86, 658864, 10386
686, 78, 22, 55, 16, 0, 2.29%, 0, 0, 2, 3518.45, 677258, 10386
691, 78, 44, 55, 14, 0, 2.29%, 0, 0, 2, 3986.90, 698065, 10386
696, 79, 37, 55, 14, 0, 2.29%, 0, 0, 2, 3738.34, 717283, 10386
701, 79, 46, 55, 14, 0, 2.29%, 0, 0, 2, 3683.65, 736194, 10386
706, 79, 42, 55, 13, 0, 2.29%, 0, 0, 2, 3969.60, 755448, 10386
711, 80, 37, 55, 13, 0, 2.29%, 0, 0, 2, 3635.74, 774242, 10386
717, 80, 33, 55, 13, 0, 2.29%, 0, 0, 2, 3643.96, 792486, 10386
722, 81, 37, 55, 13, 0, 2.29%, 0, 0, 2, 3128.95, 808422, 10386
727, 81, 48, 55, 13, 0, 2.29%, 0, 0, 2, 3821.18, 828426, 10386
732, 81, 21, 55, 13, 0, 2.29%, 0, 0, 2, 3718.28, 847865, 10386
737, 82, 9, 55, 13, 0, 2.29%, 0, 0, 2, 3502.62, 865323, 10386
742, 82, 22, 55, 13, 0, 2.29%, 0, 0, 2, 3481.45, 883454, 10386
747, 83, 42, 55, 13, 0, 2.29%, 0, 0, 2, 3966.07, 903690, 10386
752, 83, 9, 55, 13, 0, 2.29%, 0, 0, 2, 2881.23, 916133, 10386
757, 83, 33, 55, 12, 0, 2.29%, 0, 0, 2, 3700.27, 935174, 10386
762, 84, 37, 55, 12, 0, 2.29%, 0, 0, 2, 1604.60, 950953, 10386
768, 84, 37, 55, 12, 0, 2.29%, 0, 0, 2, 2085.24, 963377, 10386
773, 84, 9, 55, 12, 0, 2.29%, 0, 0, 2, 549.97, 978175, 10386
778, 84, 37, 55, 12, 0, 2.29%, 0, 0, 2, 3527.39, 995476, 10386
783, 85, 44, 55, 11, 0, 2.29%, 0, 0, 2, 3621.90, 1013685, 10386
788, 85, 42, 55, 11, 0, 2.29%, 0, 0, 2, 3992.59, 1034822, 10386
793, 86, 48, 55, 11, 0, 2.29%, 0, 0, 2, 4212.31, 1056176, 10386
798, 86, 37, 55, 11, 0, 2.29%, 0, 0, 2, 3806.81, 1074649, 10386
804, 86, 46, 55, 11, 0, 2.29%, 0, 0, 2, 3451.52, 1091468, 10386
809, 87, 44, 55, 11, 0, 2.29%, 0, 0, 2, 3256.99, 1108431, 10386
814, 87, 9, 55, 11, 0, 2.29%, 0, 0, 2, 3141.50, 1124848, 10386
819, 88, 37, 55, 11, 0, 2.29%, 0, 0, 2, 3708.75, 1143776, 10386
824, 88, 37, 55, 11, 0, 2.29%, 0, 0, 2, 3634.84, 1162628, 10386
829, 88, 51, 55, 11, 0, 2.29%, 0, 0, 2, 321.76, 1180049, 10386
834, 89, 22, 55, 10, 0, 2.29%, 0, 0, 2, 3209.28, 1193069, 10386
839, 89, 9, 55, 10, 0, 2.29%, 0, 0, 2, 3675.99, 1208087, 10386
844, 89, 37, 55, 10, 0, 2.29%, 0, 0, 2, 3705.60, 1227030, 10386
850, 90, 37, 55, 10, 0, 2.29%, 0, 0, 2, 4176.09, 1248095, 10386
855, 90, 37, 55, 10, 0, 2.29%, 0, 0, 2, 3748.88, 1263974, 10386
860, 90, 22, 55, 10, 0, 2.29%, 0, 0, 2, 3744.46, 1283690, 10386
865, 91, 44, 55, 10, 0, 2.29%, 0, 0, 2, 3823.00, 1300955, 10386
870, 91, 46, 55, 10, 0, 2.29%, 0, 0, 2, 3823.06, 1319535, 10386
875, 92, 44, 55, 10, 0, 2.29%, 0, 0, 2, 3947.61, 1340082, 10386
880, 92, 37, 55, 10, 0, 2.29%, 0, 0, 2, 4035.45, 1360534, 10386
885, 92, 42, 55, 10, 0, 2.29%, 0, 0, 2, 4123.61, 1380749, 10386
890, 93, 46, 55, 10, 0, 2.29%, 0, 0, 2, 3993.06, 1401647, 10386
896, 93, 44, 55, 10, 0, 2.29%, 0, 0, 2, 1869.56, 1421934, 10386
901, 94, 37, 55, 10, 0, 2.29%, 0, 0, 2, 3335.33, 1440927, 10386
906, 94, 37, 55, 10, 0, 2.29%, 0, 0, 2, 4478.84, 1456471, 10386
911, 94, 37, 55, 10, 0, 2.29%, 0, 0, 2, 4164.17, 1477473, 10386
916, 95, 21, 55, 10, 0, 2.29%, 0, 0, 2, 3601.15, 1495325, 10386
921, 95, 37, 55, 10, 0, 2.29%, 0, 0, 2, 4201.01, 1517325, 10386
926, 96, 37, 55, 10, 0, 2.29%, 0, 0, 2, 3984.27, 1537904, 10386
931, 96, 42, 55, 10, 0, 2.29%, 0, 0, 2, 4030.15, 1558654, 10386
936, 97, 33, 55, 10, 0, 2.29%, 0, 0, 2, 3799.53, 1577251, 10386
941, 97, 22, 55, 10, 0, 2.29%, 0, 0, 2, 3651.16, 1596421, 10386
946, 97, 44, 55, 10, 0, 2.29%, 0, 0, 2, 2195.15, 1609319, 10386
951, 98, 37, 55, 10, 0, 2.29%, 0, 0, 2, 3452.22, 1628110, 10386
957, 98, 44, 55, 10, 0, 2.29%, 0, 0, 2, 4356.43, 1652134, 10386
962, 98, 46, 55, 10, 0, 2.29%, 0, 0, 2, 4160.30, 1666810, 10386
967, 99, 9, 55, 10, 0, 2.29%, 0, 0, 2, 588.01, 1685729, 10386
972, 99, 37, 55, 10, 0, 2.29%, 0, 0, 2, 4617.05, 1704413, 10386
977, 100, 37, 55, 10, 0, 2.29%, 0, 0, 2, 4213.06, 1724670, 10386
982, 100, 44, 55, 10, 0, 2.29%, 0, 0, 2, 3624.42, 1743462, 10386
987, 100, 37, 55, 10, 0, 2.29%, 0, 0, 2, 4015.54, 1763567, 10386
992, 101, 37, 55, 10, 0, 2.29%, 0, 0, 2, 3267.69, 1778914, 10386
997, 101, 37, 55, 10, 0, 2.29%, 0, 0, 2, 4007.60, 1799493, 10386
1003, 102, 42, 55, 10, 0, 2.29%, 0, 0, 2, 3791.32, 1818129, 10386
1008, 102, 22, 55, 10, 0, 2.29%, 0, 0, 2, 4082.42, 1838588, 10386
1013, 102, 46, 55, 9, 0, 2.29%, 0, 0, 2, 3688.99, 1855542, 10386
1018, 103, 33, 55, 9, 0, 2.29%, 0, 0, 2, 3808.01, 1874923, 10386
1023, 103, 44, 55, 9, 0, 2.29%, 0, 0, 2, 3857.32, 1894469, 10386
1028, 103, 42, 55, 9, 0, 2.29%, 0, 0, 2, 4720.37, 1910790, 10386
1033, 104, 44, 55, 9, 0, 2.29%, 0, 0, 2, 4066.11, 1926053, 10386
1038, 104, 9, 55, 9, 0, 2.29%, 0, 0, 2, 541.35, 1940221, 10386
1043, 104, 22, 55, 9, 0, 2.29%, 0, 0, 2, 3874.07, 1958624, 10386
1049, 105, 44, 55, 9, 0, 2.29%, 0, 0, 2, 3829.65, 1977654, 10386
1054, 105, 44, 55, 9, 0, 2.29%, 0, 0, 2, 4201.63, 1992981, 10386
1059, 105, 30, 55, 9, 0, 2.29%, 0, 0, 2, 4168.54, 2007274, 10386
1120, 106, 11, 76, 38, 0, 2.39%, 0, 0, 3, 3856.85, 2115540, 11072
1125, 106, 75, 76, 38, 0, 2.39%, 0, 0, 3, 705.02, 2127540, 11072
1130, 106, 31, 76, 38, 0, 2.39%, 0, 0, 3, 4954.80, 2146375, 11072
1135, 106, 75, 77, 39, 0, 2.39%, 0, 0, 3, 1923.09, 2153332, 11072
1140, 107, 61, 77, 35, 0, 2.39%, 0, 0, 3, 1981.47, 2164509, 11072
1145, 107, 75, 77, 31, 0, 2.39%, 0, 0, 3, 2814.79, 2179190, 11072
1151, 107, 75, 77, 31, 0, 2.39%, 0, 0, 3, 4230.57, 2190672, 11072
1156, 107, 75, 77, 30, 0, 2.39%, 0, 0, 3, 1059.52, 2202269, 11072
1161, 107, 42, 77, 30, 0, 2.39%, 0, 0, 3, 2963.22, 2219121, 11072
1166, 107, 75, 77, 28, 0, 2.39%, 0, 0, 3, 4232.61, 2228841, 11072
1171, 107, 75, 77, 28, 0, 2.39%, 0, 0, 3, 3407.78, 2246844, 11072
1176, 108, 42, 77, 26, 0, 2.39%, 0, 0, 3, 3780.36, 2266573, 11072
1181, 108, 75, 77, 24, 0, 2.39%, 0, 0, 3, 3555.72, 2284625, 11072
1186, 108, 75, 77, 23, 0, 2.39%, 0, 0, 3, 2761.94, 2298336, 11072
1191, 108, 45, 77, 23, 0, 2.39%, 0, 0, 3, 2787.73, 2313383, 11072
1196, 108, 45, 77, 23, 0, 2.39%, 0, 0, 3, 652.33, 2329820, 11072
1202, 109, 75, 77, 23, 0, 2.39%, 0, 0, 3, 2050.16, 2344524, 11072
1207, 109, 75, 77, 23, 0, 2.39%, 0, 0, 3, 2748.65, 2359090, 11072
1212, 109, 46, 77, 22, 0, 2.39%, 0, 0, 3, 455.65, 2371718, 11072
1217, 109, 42, 77, 21, 0, 2.39%, 0, 0, 3, 3344.38, 2387224, 11072
1222, 109, 11, 77, 21, 0, 2.39%, 0, 0, 3, 3097.85, 2401774, 11072
1227, 110, 66, 77, 21, 0, 2.39%, 0, 0, 3, 2872.08, 2415676, 11072
1232, 110, 31, 77, 21, 0, 2.39%, 0, 0, 3, 2691.27, 2428655, 11072
1237, 110, 75, 77, 21, 0, 2.39%, 0, 0, 3, 2551.08, 2441754, 11072
1242, 110, 75, 77, 21, 0, 2.39%, 0, 0, 3, 3033.52, 2457517, 11072
1247, 110, 75, 77, 20, 0, 2.39%, 0, 0, 3, 3646.82, 2476765, 11072
1252, 111, 75, 77, 20, 0, 2.39%, 0, 0, 3, 3182.35, 2492890, 11072
1257, 111, 42, 77, 20, 0, 2.39%, 0, 0, 3, 3549.32, 2510538, 11072
1263, 111, 7, 77, 19, 0, 2.39%, 0, 0, 3, 3697.07, 2529170, 11072
1268, 111, 31, 77, 19, 0, 2.39%, 0, 0, 3, 3466.90, 2544850, 11072
1273, 112, 11, 77, 19, 0, 2.39%, 0, 0, 3, 3852.06, 2565470, 11072
1278, 112, 42, 77, 19, 0, 2.39%, 0, 0, 3, 3995.37, 2586427, 11072
1283, 112, 11, 77, 19, 0, 2.39%, 0, 0, 3, 4030.90, 2606545, 11072
1288, 112, 75, 77, 19, 0, 2.39%, 0, 0, 3, 4059.02, 2627220, 11072
1293, 113, 75, 77, 19, 0, 2.39%, 0, 0, 3, 3956.53, 2646635, 11072
1298, 113, 75, 77, 19, 0, 2.39%, 0, 0, 3, 4015.80, 2666967, 11072
1304, 113, 75, 77, 19, 0, 2.39%, 0, 0, 3, 3486.99, 2682602, 11072
1309, 113, 31, 77, 18, 0, 2.39%, 0, 0, 3, 3993.86, 2703104, 11072
1314, 113, 7, 77, 18, 0, 2.39%, 0, 0, 3, 4031.06, 2723715, 11072
1319, 114, 31, 77, 18, 0, 2.39%, 0, 0, 3, 1195.79, 2738722, 11072
1324, 114, 45, 77, 18, 0, 2.39%, 0, 0, 3, 2722.62, 2755429, 11072
1329, 114, 75, 77, 18, 0, 2.39%, 0, 0, 3, 3536.88, 2771941, 11072
1334, 114, 42, 77, 18, 0, 2.39%, 0, 0, 3, 4143.77, 2793323, 11072
1339, 114, 42, 77, 18, 0, 2.39%, 0, 0, 3, 3551.18, 2810240, 11072
1344, 115, 73, 77, 18, 0, 2.39%, 0, 0, 3, 3307.50, 2826092, 11072
1349, 115, 11, 77, 17, 0, 2.39%, 0, 0, 3, 4209.85, 2847127, 11072
1354, 115, 11, 77, 17, 0, 2.39%, 0, 0, 3, 3204.18, 2863184, 11072
1360, 115, 66, 77, 17, 0, 2.39%, 0, 0, 3, 3601.45, 2881608, 11072
1365, 116, 11, 77, 16, 0, 2.39%, 0, 0, 3, 3873.58, 2900930, 11072
1370, 116, 11, 77, 16, 0, 2.39%, 0, 0, 3, 3525.24, 2919662, 11072
1375, 116, 45, 77, 16, 0, 2.39%, 0, 0, 3, 635.20, 2937957, 11072
1380, 117, 75, 77, 16, 0, 2.39%, 0, 0, 3, 4184.64, 2957259, 11072
1385, 117, 46, 77, 16, 0, 2.39%, 0, 0, 3, 4257.01, 2977829, 11072
1390, 117, 45, 78, 17, 0, 2.39%, 0, 0, 3, 462.37, 2986047, 11072
1395, 117, 7, 78, 17, 0, 2.39%, 0, 0, 3, 4244.16, 3001592, 11072
1400, 118, 42, 78, 17, 0, 2.39%, 0, 0, 3, 4465.53, 3023338, 11072
1405, 118, 11, 78, 17, 0, 2.39%, 0, 0, 3, 3946.38, 3041526, 11072
1410, 118, 11, 78, 17, 0, 2.39%, 0, 0, 3, 3994.30, 3062762, 11072
1416, 118, 11, 78, 17, 0, 2.39%, 0, 0, 3, 4133.15, 3083742, 11072
1421, 119, 6, 78, 17, 0, 2.39%, 0, 0, 3, 3730.96, 3102518, 11072
1426, 119, 11, 78, 17, 0, 2.39%, 0, 0, 3, 3910.64, 3117729, 11072
1431, 119, 42, 78, 17, 0, 2.39%, 0, 0, 3, 2832.77, 3130374, 11072
1436, 119, 42, 78, 17, 0, 2.39%, 0, 0, 3, 3002.06, 3145639, 11072
1441, 120, 11, 78, 17, 0, 2.39%, 0, 0, 3, 3286.75, 3163248, 11072
1446, 120, 42, 78, 17, 0, 2.39%, 0, 0, 3, 2675.62, 3175999, 11072
1451, 120, 42, 78, 17, 0, 2.39%, 0, 0, 3, 2604.76, 3190508, 11072
1457, 120, 6, 78, 17, 0, 2.39%, 0, 0, 3, 3089.20, 3206565, 11072
1462, 120, 11, 78, 17, 0, 2.39%, 0, 0, 3, 3156.17, 3223016, 11072
1467, 121, 11, 78, 17, 0, 2.39%, 0, 0, 3, 3958.80, 3238571, 11072
1472, 121, 42, 78, 17, 0, 2.39%, 0, 0, 3, 3406.34, 3254067, 11072
1477, 121, 46, 78, 17, 0, 2.39%, 0, 0, 3, 619.50, 3265644, 11072
1482, 121, 11, 78, 17, 0, 2.39%, 0, 0, 3, 2865.51, 3282472, 11072
1487, 121, 42, 78, 17, 0, 2.39%, 0, 0, 3, 2425.40, 3295788, 11072
1492, 122, 7, 78, 17, 0, 2.39%, 0, 0, 3, 2104.35, 3305255, 11072
1498, 122, 45, 78, 16, 0, 2.39%, 0, 0, 3, 2655.00, 3319026, 11072
1503, 122, 66, 78, 16, 0, 2.39%, 0, 0, 3, 2756.33, 3330534, 11072
1508, 122, 76, 78, 16, 0, 2.39%, 0, 0, 3, 2346.67, 3342867, 11072
1513, 122, 75, 78, 15, 0, 2.39%, 0, 0, 3, 2652.90, 3355056, 11072
1518, 123, 11, 78, 14, 0, 2.39%, 0, 0, 3, 3518.20, 3370025, 11072
1523, 123, 8, 78, 14, 0, 2.39%, 0, 0, 3, 4151.26, 3390062, 11072
1529, 123, 42, 78, 14, 0, 2.39%, 0, 0, 3, 4384.30, 3412171, 11072
1534, 124, 31, 78, 14, 0, 2.39%, 0, 0, 3, 3723.51, 3430759, 11072
1539, 124, 57, 78, 14, 0, 2.39%, 0, 0, 3, 3938.30, 3451213, 11072
1544, 124, 11, 78, 13, 0, 2.39%, 0, 0, 3, 4406.06, 3473345, 11072
1549, 125, 11, 78, 13, 0, 2.39%, 0, 0, 3, 5539.77, 3488851, 11072
1554, 125, 31, 78, 13, 0, 2.39%, 0, 0, 3, 4525.99, 3510147, 11072
1559, 125, 11, 78, 13, 0, 2.39%, 0, 0, 3, 4357.64, 3532094, 11072
1564, 126, 7, 78, 13, 0, 2.39%, 0, 0, 3, 1440.54, 3547526, 11072
1569, 126, 42, 78, 13, 0, 2.39%, 0, 0, 3, 4075.38, 3571479, 11072
1575, 126, 31, 78, 13, 0, 2.39%, 0, 0, 3, 4230.51, 3592818, 11072
1580, 127, 66, 78, 13, 0, 2.39%, 0, 0, 3, 3803.09, 3608080, 11072
1585, 127, 42, 78, 13, 0, 2.39%, 0, 0, 3, 4517.75, 3633106, 11072
1590, 127, 42, 78, 13, 0, 2.39%, 0, 0, 3, 4486.28, 3656254, 11072
1595, 128, 6, 78, 13, 0, 2.39%, 0, 0, 3, 4518.58, 3678767, 11072
1600, 128, 11, 78, 13, 0, 2.39%, 0, 0, 3, 3864.49, 3696622, 11072
1605, 128, 45, 78, 13, 0, 2.39%, 0, 0, 3, 544.80, 3716566, 11072
1610, 129, 42, 78, 13, 0, 2.39%, 0, 0, 3, 4074.83, 3733970, 11072
1616, 129, 42, 78, 13, 0, 2.39%, 0, 0, 3, 4007.12, 3751770, 11072
1621, 129, 11, 78, 13, 0, 2.39%, 0, 0, 3, 4447.57, 3772255, 11072
1626, 130, 11, 78, 13, 0, 2.39%, 0, 0, 3, 918.81, 3793321, 11072
1631, 130, 46, 78, 13, 0, 2.39%, 0, 0, 3, 2840.15, 3810497, 11072
1636, 130, 42, 78, 13, 0, 2.39%, 0, 0, 3, 3685.29, 3822580, 11072
1641, 130, 75, 78, 13, 0, 2.39%, 0, 0, 3, 3657.94, 3840568, 11072
1646, 131, 31, 78, 12, 0, 2.39%, 0, 0, 3, 4194.28, 3863112, 11072
1651, 131, 11, 78, 12, 0, 2.39%, 0, 0, 3, 4078.21, 3884471, 11072
1656, 131, 11, 78, 12, 0, 2.39%, 0, 0, 3, 3113.81, 3901805, 11072
1661, 132, 42, 78, 12, 0, 2.39%, 0, 0, 3, 3950.96, 3922912, 11072
1666, 132, 11, 78, 12, 0, 2.39%, 0, 0, 3, 3584.47, 3940440, 11072
1672, 132, 46, 78, 12, 0, 2.39%, 0, 0, 3, 757.89, 3953444, 11072
1677, 132, 46, 78, 12, 0, 2.39%, 0, 0, 3, 572.03, 3970851, 11072
1682, 133, 75, 78, 12, 0, 2.39%, 0, 0, 3, 3748.55, 3985811, 11072
1687, 133, 11, 78, 12, 0, 2.39%, 0, 0, 3, 3832.75, 4004575, 11072
1692, 133, 11, 78, 12, 0, 2.39%, 0, 0, 3, 3942.30, 4024959, 11072
1697, 133, 75, 78, 12, 0, 2.39%, 0, 0, 3, 4064.52, 4043492, 11072
1702, 134, 75, 78, 12, 0, 2.39%, 0, 0, 3, 4417.79, 4066703, 11072
1707, 134, 75, 78, 12, 0, 2.39%, 0, 0, 3, 1866.81, 4083911, 11072
1713, 134, 42, 78, 12, 0, 2.39%, 0, 0, 3, 3767.80, 4106263, 11072
1718, 135, 75, 78, 12, 0, 2.39%, 0, 0, 3, 3993.56, 4119429, 11072
1723, 135, 42, 78, 12, 0, 2.39%, 0, 0, 3, 3973.67, 4139365, 11072
1728, 135, 11, 78, 12, 0, 2.39%, 0, 0, 3, 4080.53, 4160078, 11072
1733, 136, 11, 78, 12, 0, 2.39%, 0, 0, 3, 3832.93, 4179440, 11072
1738, 136, 6, 78, 12, 0, 2.39%, 0, 0, 3, 2590.02, 4196098, 11072
1743, 136, 46, 78, 11, 0, 2.39%, 0, 0, 3, 412.77, 4216034, 11072
1748, 136, 11, 78, 11, 0, 2.39%, 0, 0, 3, 3716.20, 4232944, 11072
1753, 137, 42, 78, 11, 0, 2.39%, 0, 0, 3, 4401.19, 4255838, 11072
1758, 137, 6, 78, 11, 0, 2.39%, 0, 0, 3, 3903.36, 4275087, 11072
1764, 137, 42, 78, 11, 0, 2.39%, 0, 0, 3, 3405.10, 4293024, 11072
1769, 138, 42, 78, 11, 0, 2.39%, 0, 0, 3, 1210.67, 4308661, 11072
1774, 138, 42, 78, 11, 0, 2.39%, 0, 0, 3, 3515.54, 4329425, 11072
1779, 138, 42, 78, 11, 0, 2.39%, 0, 0, 3, 1424.18, 4341771, 11072
1784, 138, 42, 78, 10, 0, 2.39%, 0, 0, 3, 3550.47, 4363005, 11072
1789, 139, 11, 78, 10, 0, 2.39%, 0, 0, 3, 3620.04, 4382392, 11072
1794, 139, 11, 78, 10, 0, 2.39%, 0, 0, 3, 3759.14, 4399829, 11072
1799, 139, 7, 78, 10, 0, 2.39%, 0, 0, 3, 4033.92, 4419964, 11072
1804, 139, 42, 78, 10, 0, 2.39%, 0, 0, 3, 3692.47, 4437596, 11072
1809, 140, 11, 78, 10, 0, 2.39%, 0, 0, 3, 4278.96, 4460094, 11072
1815, 140, 11, 78, 10, 0, 2.39%, 0, 0, 3, 4362.51, 4481201, 11072
1820, 141, 31, 78, 10, 0, 2.39%, 0, 0, 3, 5641.30, 4502187, 11072
1825, 141, 45, 78, 10, 0, 2.39%, 0, 0, 3, 3910.73, 4521964, 11072
1830, 141, 54, 78, 10, 0, 2.39%, 0, 0, 3, 3923.08, 4542665, 11072
1835, 141, 75, 78, 10, 0, 2.39%, 0, 0, 3, 3512.24, 4560072, 11072
1840, 142, 75, 78, 10, 0, 2.39%, 0, 0, 3, 2934.75, 4577627, 11072
1845, 142, 42, 78, 10, 0, 2.39%, 0, 0, 3, 3770.70, 4596638, 11072
1850, 142, 42, 78, 10, 0, 2.39%, 0, 0, 3, 4305.80, 4619245, 11072
1856, 143, 11, 78, 10, 0, 2.39%, 0, 0, 3, 3975.68, 4638840, 11072
1861, 143, 42, 78, 10, 0, 2.39%, 0, 0, 3, 3741.70, 4656830, 11072
1866, 143, 42, 78, 10, 0, 2.39%, 0, 0, 3, 3808.76, 4675487, 11072
1871, 144, 7, 78, 10, 0, 2.39%, 0, 0, 3, 4343.39, 4695366, 11072
1876, 144, 7, 78, 10, 0, 2.39%, 0, 0, 3, 3320.11, 4711686, 11072
1881, 144, 75, 78, 10, 0, 2.39%, 0, 0, 3, 3057.49, 4727765, 11072
1886, 144, 61, 78, 10, 0, 2.39%, 0, 0, 3, 3831.30, 4746957, 11072
1891, 145, 46, 78, 10, 0, 2.39%, 0, 0, 3, 3991.37, 4767273, 11072
1896, 145, 6, 78, 10, 0, 2.39%, 0, 0, 3, 3156.34, 4782440, 11072
1901, 145, 75, 78, 9, 0, 2.39%, 0, 0, 3, 4067.77, 4804431, 11072
1907, 146, 11, 78, 9, 0, 2.39%, 0, 0, 3, 3824.50, 4823724, 11072
1912, 146, 7, 78, 9, 0, 2.39%, 0, 0, 3, 4121.39, 4844796, 11072
1917, 146, 46, 78, 9, 0, 2.39%, 0, 0, 3, 542.49, 4859954, 11072
1922, 146, 42, 78, 9, 0, 2.39%, 0, 0, 3, 3422.74, 4875621, 11072
1927, 147, 45, 78, 9, 0, 2.39%, 0, 0, 3, 481.61, 4891849, 11072
1932, 147, 31, 78, 9, 0, 2.39%, 0, 0, 3, 1509.10, 4908304, 11072
1937, 147, 42, 78, 9, 0, 2.39%, 0, 0, 3, 3817.64, 4930819, 11072
1942, 147, 75, 78, 9, 0, 2.39%, 0, 0, 3, 556.10, 4950473, 11072
1947, 148, 8, 78, 9, 0, 2.39%, 0, 0, 3, 3367.06, 4967356, 11072
1952, 148, 6, 78, 9, 0, 2.39%, 0, 0, 3, 3504.61, 4985515, 11072
1957, 148, 31, 78, 9, 0, 2.39%, 0, 0, 3, 3849.90, 5003005, 11072
1963, 148, 7, 78, 9, 0, 2.39%, 0, 0, 3, 3603.44, 5014615, 11072
1968, 149, 6, 78, 9, 0, 2.39%, 0, 0, 3, 3810.26, 5033505, 11072
1973, 149, 8, 78, 9, 0, 2.39%, 0, 0, 3, 3864.26, 5053438, 11072
1978, 149, 31, 78, 9, 0, 2.39%, 0, 0, 3, 3677.27, 5071680, 11072
1983, 150, 42, 78, 9, 0, 2.39%, 0, 0, 3, 3691.79, 5089825, 11072
2319, 150, 8, 78, 9, 0, 2.39%, 0, 0, 3, 0.62, 5098382, 11072
2324, 150, 75, 78, 9, 0, 2.39%, 0, 0, 3, 3654.13, 5117719, 11072
2329, 150, 42, 78, 9, 0, 2.39%, 0, 0, 3, 4274.68, 5139254, 11072
2334, 151, 46, 78, 9, 0, 2.39%, 0, 0, 3, 890.83, 5157596, 11072
2339, 151, 45, 78, 9, 0, 2.39%, 0, 0, 3, 3322.01, 5178612, 11072
2344, 151, 11, 78, 9, 0, 2.39%, 0, 0, 3, 3502.36, 5198434, 11072
2349, 152, 42, 78, 9, 0, 2.39%, 0, 0, 3, 4438.37, 5222672, 11072
3394, 152, 42, 78, 9, 0, 2.39%, 0, 0, 3, 0.74, 5230356, 11072
4375, 152, 42, 78, 8, 0, 2.39%, 0, 0, 3, 0.56, 5250521, 11072
5339, 153, 6, 78, 8, 0, 2.39%, 0, 0, 3, 0.62, 5274786, 11072
5344, 153, 45, 78, 8, 0, 2.39%, 0, 0, 3, 610.17, 5294339, 11072
6249, 153, 45, 78, 8, 0, 2.39%, 0, 0, 3, 0.04, 5294375, 11072
6254, 153, 31, 78, 8, 0, 2.39%, 0, 0, 3, 4582.25, 5313493, 11072
7311, 153, 31, 78, 8, 0, 2.39%, 0, 0, 3, 0.24, 5313751, 11072
7316, 153, 42, 78, 8, 0, 2.39%, 0, 0, 3, 3430.10, 5332576, 11072
8234, 153, 68, 78, 8, 0, 2.39%, 0, 0, 3, 0.54, 5333894, 11072
9240, 154, 42, 78, 8, 0, 2.39%, 0, 0, 3, 0.73, 5354651, 11072
9245, 154, 11, 78, 8, 0, 2.39%, 0, 0, 3, 4038.37, 5377583, 11072
10181, 154, 75, 78, 8, 0, 2.39%, 0, 0, 3, 0.22, 5384314, 11072
10186, 154, 42, 78, 8, 0, 2.39%, 0, 0, 3, 3637.16, 5402033, 11072
11186, 154, 42, 78, 8, 0, 2.39%, 0, 0, 3, 0.22, 5402251, 11072
11191, 155, 46, 78, 8, 0, 2.39%, 0, 0, 3, 513.04, 5421141, 11072
12192, 155, 46, 78, 8, 0, 2.39%, 0, 0, 3, 0.02, 5421161, 11072
12901, 155, 6, 78, 8, 0, 2.39%, 0, 0, 3, 1.30, 5442567, 11072
12906, 155, 11, 78, 8, 0, 2.39%, 0, 0, 3, 3752.87, 5462315, 11072
13858, 155, 31, 78, 8, 0, 2.39%, 0, 0, 3, 0.79, 5470172, 11072
13863, 156, 31, 78, 8, 0, 2.39%, 0, 0, 3, 4058.27, 5492925, 11072
14853, 156, 31, 78, 8, 0, 2.39%, 0, 0, 3, 0.41, 5493333, 11072
14858, 156, 7, 78, 8, 0, 2.39%, 0, 0, 3, 3955.28, 5515223, 11072
15891, 156, 7, 78, 8, 0, 2.39%, 0, 0, 3, 0.56, 5515800, 11072
15896, 156, 11, 78, 8, 0, 2.39%, 0, 0, 3, 3191.52, 5532557, 11072
16561, 156, 75, 78, 8, 0, 2.39%, 0, 0, 3, 0.45, 5532858, 11072
16566, 157, 8, 78, 8, 0, 2.39%, 0, 0, 3, 3948.08, 5554714, 11072
16571, 157, 42, 78, 8, 0, 2.39%, 0, 0, 3, 4312.76, 5577311, 11072
17494, 157, 31, 78, 8, 0, 2.39%, 0, 0, 3, 0.56, 5581661, 11072
17499, 158, 11, 78, 8, 0, 2.39%, 0, 0, 3, 4351.65, 5604891, 11072
18472, 158, 11, 78, 8, 0, 2.39%, 0, 0, 3, 0.04, 5604934, 11072
19394, 158, 11, 78, 8, 0, 2.39%, 0, 0, 3, 0.63, 5627274, 11072
20016, 158, 31, 78, 8, 0, 2.39%, 0, 0, 3, 1.05, 5649195, 11072
20021, 159, 46, 78, 8, 0, 2.39%, 0, 0, 3, 4055.51, 5670127, 11072
20221, 159, 75, 78, 8, 0, 2.39%, 0, 0, 3, 0.41, 5677130, 11072
20226, 159, 42, 78, 8, 0, 2.39%, 0, 0, 3, 3287.46, 5693069, 11072
21295, 159, 11, 78, 8, 0, 2.39%, 0, 0, 3, 1.04, 5701136, 11072
22258, 159, 31, 78, 8, 0, 2.39%, 0, 0, 3, 0.53, 5719356, 11072
22263, 160, 42, 78, 8, 0, 2.39%, 0, 0, 3, 3546.81, 5739219, 11072
23794, 160, 42, 78, 8, 0, 2.39%, 0, 0, 3, 0.10, 5739373, 11072
23881, 160, 42, 78, 8, 0, 2.39%, 0, 0, 3, 7.86, 5759385, 11072
23886, 160, 11, 78, 8, 0, 2.39%, 0, 0, 3, 3928.23, 5779164, 11072
24895, 160, 42, 78, 8, 0, 2.39%, 0, 0, 3, 0.90, 5787912, 11072
25906, 161, 11, 78, 8, 0, 2.39%, 0, 0, 3, 0.68, 5809196, 11072
26965, 161, 31, 78, 8, 0, 2.39%, 0, 0, 3, 0.78, 5828675, 11072
27988, 161, 42, 78, 8, 0, 2.39%, 0, 0, 3, 0.97, 5846285, 11072
27993, 162, 31, 78, 8, 0, 2.39%, 0, 0, 3, 3734.97, 5867315, 11072
29012, 162, 31, 78, 8, 0, 2.39%, 0, 0, 3, 0.20, 5867515, 11072
29504, 162, 6, 78, 8, 0, 2.39%, 0, 0, 3, 1.41, 5889269, 11072
29509, 162, 11, 78, 7, 0, 2.39%, 0, 0, 3, 3375.74, 5908389, 11072
29514, 162, 42, 78, 7, 0, 2.39%, 0, 0, 3, 3031.92, 5922714, 11072
30546, 163, 42, 78, 7, 0, 2.39%, 0, 0, 3, 0.40, 5931910, 11072
31457, 163, 46, 78, 7, 0, 2.39%, 0, 0, 3, 0.28, 5948059, 11072
31462, 163, 11, 78, 7, 0, 2.39%, 0, 0, 3, 3936.52, 5968273, 11072
32514, 163, 11, 78, 7, 0, 2.39%, 0, 0, 3, 0.22, 5968504, 11072
32519, 163, 46, 78, 7, 0, 2.39%, 0, 0, 3, 3288.00, 5987300, 11072
33471, 163, 46, 78, 7, 0, 2.39%, 0, 0, 3, 0.05, 5987349, 11072
34644, 164, 31, 78, 7, 0, 2.39%, 0, 0, 3, 0.26, 6006534, 11072
35609, 164, 42, 78, 7, 0, 2.39%, 0, 0, 3, 1.03, 6028605, 11072
35614, 164, 11, 78, 7, 0, 2.39%, 0, 0, 3, 3952.38, 6049102, 11072
36527, 164, 11, 78, 7, 0, 2.39%, 0, 0, 3, 0.09, 6049187, 11072
36532, 165, 7, 78, 7, 0, 2.39%, 0, 0, 3, 3472.15, 6068350, 11072
37591, 165, 7, 78, 7, 0, 2.39%, 0, 0, 3, 0.29, 6068652, 11072
37596, 165, 75, 78, 6, 0, 2.39%, 0, 0, 3, 3849.53, 6089533, 11072
38657, 165, 31, 78, 6, 0, 2.39%, 0, 0, 3, 0.46, 6090020, 11072
39665, 165, 45, 78, 6, 0, 2.39%, 0, 0, 3, 0.09, 6110683, 11072
40652, 166, 11, 78, 6, 0, 2.39%, 0, 0, 3, 0.33, 6127941, 11072
41830, 166, 11, 78, 6, 0, 2.39%, 0, 0, 3, 0.48, 6149918, 11072
41835, 166, 42, 78, 6, 0, 2.39%, 0, 0, 3, 4152.87, 6172801, 11072
41840, 167, 11, 78, 6, 0, 2.39%, 0, 0, 3, 4467.21, 6194971, 11072
41845, 167, 8, 78, 6, 0, 2.39%, 0, 0, 3, 4357.79, 6215980, 11072
41850, 167, 42, 78, 6, 0, 2.39%, 0, 0, 3, 4023.37, 6232512, 11072
41855, 167, 11, 78, 6, 0, 2.39%, 0, 0, 3, 4679.59, 6250465, 11072
42890, 168, 42, 78, 6, 0, 2.39%, 0, 0, 3, 0.63, 6252671, 11072
42895, 168, 42, 78, 6, 0, 2.39%, 0, 0, 3, 3449.26, 6271194, 11072
43965, 168, 42, 78, 6, 0, 2.39%, 0, 0, 3, 0.08, 6271280, 11072
43970, 168, 41, 78, 6, 0, 2.39%, 0, 0, 3, 2785.11, 6285772, 11072
45019, 168, 41, 78, 6, 0, 2.39%, 0, 0, 3, 0.14, 6285923, 11072
45024, 168, 65, 78, 6, 0, 2.39%, 0, 0, 3, 3301.65, 6304728, 11072
46018, 168, 42, 78, 6, 0, 2.39%, 0, 0, 3, 0.07, 6304795, 11072
47055, 169, 45, 78, 6, 0, 2.39%, 0, 0, 3, 0.44, 6321647, 11072
48134, 169, 42, 78, 6, 0, 2.39%, 0, 0, 3, 0.70, 6338940, 11072
49054, 169, 61, 78, 6, 0, 2.39%, 0, 0, 3, 0.32, 6360080, 11072
49059, 169, 6, 78, 6, 0, 2.39%, 0, 0, 3, 3615.31, 6380661, 11072
49597, 169, 6, 78, 6, 0, 2.39%, 0, 0, 3, 0.40, 6380876, 11072
49602, 170, 45, 78, 6, 0, 2.39%, 0, 0, 3, 579.22, 6398385, 11072
50514, 170, 42, 78, 6, 0, 2.39%, 0, 0, 3, 1.09, 6408387, 11072
51588, 170, 11, 78, 6, 0, 2.39%, 0, 0, 3, 0.94, 6428867, 11072
51676, 171, 11, 78, 6, 0, 2.39%, 0, 0, 3, 4.14, 6448983, 11072
51681, 171, 31, 78, 6, 0, 2.39%, 0, 0, 3, 3781.43, 6470027, 11072
52721, 171, 11, 78, 6, 0, 2.39%, 0, 0, 3, 0.31, 6488579, 11072
53655, 172, 29, 78, 6, 0, 2.39%, 0, 0, 3, 0.71, 6506371, 11072
53660, 172, 31, 78, 6, 0, 2.39%, 0, 0, 3, 3077.11, 6524741, 11072
54644, 172, 31, 78, 6, 0, 2.39%, 0, 0, 3, 0.52, 6525257, 11072
54649, 172, 42, 78, 6, 0, 2.39%, 0, 0, 3, 4144.37, 6544946, 11072
55600, 172, 75, 78, 6, 0, 2.39%, 0, 0, 3, 0.76, 6545670, 11072
56576, 173, 7, 78, 6, 0, 2.39%, 0, 0, 3, 0.49, 6565462, 11072
57538, 173, 42, 78, 6, 0, 2.39%, 0, 0, 3, 1.08, 6586789, 11072
58507, 173, 7, 78, 6, 0, 2.39%, 0, 0, 3, 0.67, 6600659, 11072
58512, 173, 7, 78, 6, 0, 2.39%, 0, 0, 3, 3642.82, 6619744, 11072
58937, 173, 7, 78, 6, 0, 2.39%, 0, 0, 3, 0.71, 6620045, 11072
58942, 174, 11, 78, 6, 0, 2.39%, 0, 0, 3, 3734.80, 6639344, 11072
59843, 174, 42, 78, 6, 0, 2.39%, 0, 0, 3, 0.71, 6649130, 11072
60801, 174, 12, 78, 6, 0, 2.39%, 0, 0, 3, 0.64, 6667367, 11072
60806, 174, 11, 78, 6, 0, 2.39%, 0, 0, 3, 3752.99, 6686569, 11072
61742, 174, 11, 78, 6, 0, 2.39%, 0, 0, 3, 0.28, 6686827, 11072
62598, 175, 42, 78, 6, 0, 2.39%, 0, 0, 3, 1.16, 6710151, 11072
62603, 175, 31, 78, 6, 0, 2.39%, 0, 0, 3, 4202.25, 6732041, 11072
62610, 175, 11, 78, 6, 0, 2.39%, 0, 0, 3, 60.92, 6745467, 11072
62615, 176, 31, 78, 6, 0, 2.39%, 0, 0, 3, 3807.17, 6765420, 11072
63679, 176, 11, 78, 6, 0, 2.39%, 0, 0, 3, 0.61, 6775200, 11072
63684, 176, 42, 78, 6, 0, 2.39%, 0, 0, 3, 3392.37, 6793457, 11072
64621, 176, 42, 78, 6, 0, 2.39%, 0, 0, 3, 0.27, 6793712, 11072
65699, 176, 42, 78, 6, 0, 2.39%, 0, 0, 3, 1.30, 6815888, 11072
65704, 177, 75, 78, 6, 0, 2.39%, 0, 0, 3, 3859.04, 6836914, 11072
66085, 177, 11, 78, 6, 0, 2.39%, 0, 0, 3, 0.92, 6837265, 11072
66090, 177, 45, 78, 6, 0, 2.39%, 0, 0, 3, 3513.69, 6856231, 11072
66259, 177, 42, 78, 6, 0, 2.39%, 0, 0, 3, 4.89, 6863394, 11072
66264, 178, 7, 78, 6, 0, 2.39%, 0, 0, 3, 3793.16, 6885351, 11072
67203, 178, 75, 78, 6, 0, 2.39%, 0, 0, 3, 0.73, 6895306, 11072
68146, 178, 11, 78, 6, 0, 2.39%, 0, 0, 3, 0.71, 6915447, 11072
69103, 178, 7, 78, 6, 0, 2.39%, 0, 0, 3, 0.46, 6937504, 11072
69920, 179, 31, 78, 6, 0, 2.39%, 0, 0, 3, 0.72, 6956774, 11072
69925, 179, 45, 78, 6, 0, 2.39%, 0, 0, 3, 2955.00, 6973391, 11072
70931, 179, 46, 78, 6, 0, 2.39%, 0, 0, 3, 0.32, 6982686, 11072
71914, 179, 42, 78, 6, 0, 2.39%, 0, 0, 3, 0.42, 7000123, 11072
71919, 180, 11, 78, 6, 0, 2.39%, 0, 0, 3, 3713.18, 7020550, 11072
72878, 180, 11, 78, 6, 0, 2.39%, 0, 0, 3, 0.23, 7020774, 11072
73581, 180, 42, 78, 6, 0, 2.39%, 0, 0, 3, 1.23, 7038095, 11072
73586, 180, 11, 78, 6, 0, 2.39%, 0, 0, 3, 3739.72, 7058691, 11072
74519, 180, 46, 78, 6, 0, 2.39%, 0, 0, 3, 0.09, 7068266, 11072
75511, 181, 11, 78, 6, 0, 2.39%, 0, 0, 3, 0.38, 7090193, 11072
76545, 181, 11, 78, 6, 0, 2.39%, 0, 0, 3, 0.62, 7111942, 11072
76550, 182, 31, 78, 6, 0, 2.39%, 0, 0, 3, 3997.67, 7133909, 11072
77242, 182, 31, 78, 6, 0, 2.39%, 0, 0, 3, 0.50, 7134253, 11072
77247, 182, 42, 78, 6, 0, 2.39%, 0, 0, 3, 3667.46, 7153637, 11072
78247, 182, 46, 78, 6, 0, 2.39%, 0, 0, 3, 0.47, 7161423, 11072
79178, 182, 31, 78, 6, 0, 2.39%, 0, 0, 3, 0.42, 7178334, 11072
79183, 183, 11, 78, 6, 0, 2.39%, 0, 0, 3, 3766.63, 7197594, 11072
80109, 183, 6, 78, 6, 0, 2.39%, 0, 0, 3, 0.51, 7206249, 11072
80903, 183, 45, 78, 6, 0, 2.39%, 0, 0, 3, 0.20, 7227385, 11072
80908, 183, 11, 78, 6, 0, 2.39%, 0, 0, 3, 3252.87, 7246280, 11072
80913, 184, 31, 78, 6, 0, 2.39%, 0, 0, 3, 3583.63, 7264081, 11072
81814, 184, 11, 78, 6, 0, 2.39%, 0, 0, 3, 0.43, 7271963, 11072
81819, 184, 75, 78, 6, 0, 2.39%, 0, 0, 3, 3663.04, 7292254, 11072
82804, 184, 75, 78, 6, 0, 2.39%, 0, 0, 3, 0.23, 7292478, 11072
83742, 184, 75, 78, 6, 0, 2.39%, 0, 0, 3, 0.43, 7311517, 11072
84564, 185, 42, 78, 6, 0, 2.39%, 0, 0, 3, 0.78, 7331227, 11072
84569, 185, 42, 78, 6, 0, 2.39%, 0, 0, 3, 3840.73, 7350988, 11072
85543, 185, 11, 78, 6, 0, 2.39%, 0, 0, 3, 0.18, 7359231, 11072
85548, 186, 11, 78, 6, 0, 2.39%, 0, 0, 3, 3117.01, 7376834, 11072
86596, 186, 11, 78, 6, 0, 2.39%, 0, 0, 3, 0.08, 7376920, 11072
86601, 186, 6, 78, 6, 0, 2.39%, 0, 0, 3, 3219.31, 7394931, 11072
87554, 186, 6, 78, 6, 0, 2.39%, 0, 0, 3, 0.09, 7395017, 11072
87559, 186, 11, 78, 6, 0, 2.39%, 0, 0, 3, 3800.11, 7416162, 11072
88225, 186, 75, 78, 6, 0, 2.39%, 0, 0, 3, 0.29, 7416358, 11072
88230, 186, 46, 78, 6, 0, 2.39%, 0, 0, 3, 524.27, 7432316, 11072
88358, 187, 42, 78, 6, 0, 2.39%, 0, 0, 3, 1.54, 7439930, 11072
88363, 187, 11, 78, 6, 0, 2.39%, 0, 0, 3, 3682.89, 7461103, 11072
89339, 187, 45, 78, 6, 0, 2.39%, 0, 0, 3, 0.22, 7467841, 11072
90359, 187, 45, 78, 6, 0, 2.39%, 0, 0, 3, 0.13, 7485718, 11072
91412, 187, 42, 78, 6, 0, 2.39%, 0, 0, 3, 0.16, 7500005, 11072
91417, 188, 7, 78, 6, 0, 2.39%, 0, 0, 3, 4439.72, 7522289, 11072
91886, 188, 7, 78, 6, 0, 2.39%, 0, 0, 3, 1.10, 7522805, 11072
91891, 188, 42, 78, 6, 0, 2.39%, 0, 0, 3, 3860.98, 7544263, 11072
91896, 188, 11, 78, 6, 0, 2.39%, 0, 0, 3, 3922.24, 7563520, 11072
91901, 189, 8, 78, 6, 0, 2.39%, 0, 0, 3, 4151.79, 7584444, 11072
92807, 189, 11, 78, 6, 0, 2.39%, 0, 0, 3, 0.36, 7590872, 11072
93876, 189, 66, 78, 6, 0, 2.39%, 0, 0, 3, 0.01, 7592854, 11072
94839, 189, 42, 78, 6, 0, 2.39%, 0, 0, 3, 0.18, 7604743, 11072
94844, 189, 8, 78, 6, 0, 2.39%, 0, 0, 3, 2238.24, 7617158, 11072
95547, 189, 8, 78, 6, 0, 2.39%, 0, 0, 3, 0.37, 7617419, 11072
95552, 190, 11, 78, 6, 0, 2.39%, 0, 0, 3, 2148.52, 7628657, 11072
96519, 190, 6, 78, 6, 0, 2.39%, 0, 0, 3, 0.04, 7636829, 11072
96524, 190, 11, 78, 6, 0, 2.39%, 0, 0, 3, 4031.42, 7653758, 11072
97454, 190, 11, 78, 6, 0, 2.39%, 0, 0, 3, 0.19, 7653939, 11072
97459, 190, 31, 78, 6, 0, 2.39%, 0, 0, 3, 3920.81, 7674639, 11072
98487, 190, 11, 78, 6, 0, 2.39%, 0, 0, 3, 0.35, 7675003, 11072
99208, 191, 65, 78, 6, 0, 2.39%, 0, 0, 3, 0.75, 7694173, 11072
99213, 191, 6, 78, 6, 0, 2.39%, 0, 0, 3, 3549.64, 7714123, 11072
100182, 191, 6, 78, 6, 0, 2.39%, 0, 0, 3, 0.03, 7724307, 11072
100187, 191, 42, 78, 6, 0, 2.39%, 0, 0, 3, 3729.03, 7742410, 11072
101212, 191, 42, 78, 6, 0, 2.39%, 0, 0, 3, 0.04, 7742453, 11072
101217, 192, 31, 78, 6, 0, 2.39%, 0, 0, 3, 3575.38, 7761492, 11072
102262, 192, 31, 78, 6, 0, 2.39%, 0, 0, 3, 0.49, 7762009, 11072
102869, 192, 11, 78, 6, 0, 2.39%, 0, 0, 3, 0.57, 7782733, 11072
102874, 192, 11, 78, 6, 0, 2.39%, 0, 0, 3, 3613.40, 7800167, 11072
103925, 193, 75, 78, 6, 0, 2.39%, 0, 0, 3, 0.15, 7809711, 11072
104905, 193, 75, 78, 6, 0, 2.39%, 0, 0, 3, 0.57, 7830972, 11072
105886, 193, 42, 78, 6, 0, 2.39%, 0, 0, 3, 0.48, 7850689, 11072
105891, 194, 42, 78, 6, 0, 2.39%, 0, 0, 3, 3853.88, 7871121, 11072
106530, 194, 6, 78, 6, 0, 2.39%, 0, 0, 3, 0.88, 7871681, 11072
106535, 194, 75, 78, 6, 0, 2.39%, 0, 0, 3, 3604.13, 7891243, 11072
107518, 194, 42, 78, 6, 0, 2.39%, 0, 0, 3, 0.13, 7900901, 11072
108557, 195, 8, 78, 6, 0, 2.39%, 0, 0, 3, 0.87, 7922042, 11072
108562, 195, 11, 78, 6, 0, 2.39%, 0, 0, 3, 4081.81, 7942960, 11072
108758, 195, 11, 78, 6, 0, 2.39%, 0, 0, 3, 1.68, 7943289, 11072
108763, 195, 6, 78, 6, 0, 2.39%, 0, 0, 3, 4591.84, 7966407, 11072
109809, 195, 46, 78, 6, 0, 2.39%, 0, 0, 3, 0.17, 7976496, 11072
110730, 196, 75, 78, 6, 0, 2.39%, 0, 0, 3, 0.11, 7994812, 11072
111637, 196, 42, 78, 6, 0, 2.39%, 0, 0, 3, 0.57, 8014805, 11072
112705, 196, 11, 78, 6, 0, 2.39%, 0, 0, 3, 0.55, 8035919, 11072
113683, 197, 7, 78, 6, 0, 2.39%, 0, 0, 3, 0.93, 8055142, 11072
113688, 197, 11, 78, 6, 0, 2.39%, 0, 0, 3, 4422.96, 8075609, 11072
114683, 197, 11, 78, 6, 0, 2.39%, 0, 0, 3, 0.04, 8075652, 11072
115744, 197, 11, 78, 6, 0, 2.39%, 0, 0, 3, 0.69, 8096469, 11072
116768, 198, 54, 78, 6, 0, 2.39%, 0, 0, 3, 0.46, 8111210, 11072
116773, 198, 11, 78, 6, 0, 2.39%, 0, 0, 3, 3800.33, 8130952, 11072
117696, 198, 11, 78, 6, 0, 2.39%, 0, 0, 3, 0.09, 8131038, 11072
118764, 198, 6, 78, 6, 0, 2.39%, 0, 0, 3, 0.89, 8151979, 11072
119795, 199, 42, 78, 6, 0, 2.39%, 0, 0, 3, 0.67, 8171213, 11072
119800, 199, 11, 78, 6, 0, 2.39%, 0, 0, 3, 3280.87, 8188980, 11072
120832, 199, 11, 78, 6, 0, 2.39%, 0, 0, 3, 0.31, 8189305, 11072
120837, 199, 42, 78, 6, 0, 2.39%, 0, 0, 3, 3431.87, 8207728, 11072
121753, 199, 42, 78, 6, 0, 2.39%, 0, 0, 3, 0.28, 8207986, 11072
122757, 200, 8, 78, 6, 0, 2.39%, 0, 0, 3, 0.52, 8228292, 11072
123798, 200, 11, 78, 6, 0, 2.39%, 0, 0, 3, 0.77, 8250614, 11072
123803, 200, 46, 78, 6, 0, 2.39%, 0, 0, 3, 2659.27, 8266336, 11072
124702, 200, 46, 78, 6, 0, 2.39%, 0, 0, 3, 0.13, 8266454, 11072
125707, 200, 42, 78, 6, 0, 2.39%, 0, 0, 3, 0.43, 8286308, 11072
125712, 201, 6, 78, 6, 0, 2.39%, 0, 0, 3, 3774.33, 8306807, 11072
126682, 201, 11, 78, 6, 0, 2.39%, 0, 0, 3, 0.37, 8307162, 11072
128331, 201, 42, 78, 6, 0, 2.39%, 0, 0, 3, 0.31, 8329040, 11072
129279, 201, 42, 78, 6, 0, 2.39%, 0, 0, 3, 0.37, 8349437, 11072
130361, 202, 11, 78, 6, 0, 2.39%, 0, 0, 3, 0.57, 8370808, 11072
131393, 202, 8, 78, 6, 0, 2.39%, 0, 0, 3, 0.53, 8390095, 11072
131398, 202, 75, 78, 6, 0, 2.39%, 0, 0, 3, 3960.14, 8410647, 11072
132464, 202, 75, 78, 6, 0, 2.39%, 0, 0, 3, 0.01, 8410654, 11072
132469, 203, 11, 78, 6, 0, 2.39%, 0, 0, 3, 2355.84, 8423375, 11072
133432, 203, 11, 78, 6, 0, 2.39%, 0, 0, 3, 0.27, 8423633, 11072
133437, 203, 75, 78, 6, 0, 2.39%, 0, 0, 3, 3580.96, 8442855, 11072
134459, 203, 75, 78, 6, 0, 2.39%, 0, 0, 3, 0.15, 8443008, 11072
134464, 203, 11, 78, 6, 0, 2.39%, 0, 0, 3, 3706.48, 8461875, 11072
135471, 203, 42, 78, 6, 0, 2.39%, 0, 0, 3, 0.26, 8472947, 11072
135476, 204, 11, 78, 6, 0, 2.39%, 0, 0, 3, 3898.99, 8493462, 11072
136465, 204, 11, 78, 6, 0, 2.39%, 0, 0, 3, 0.17, 8493634, 11072
137421, 204, 42, 78, 6, 0, 2.39%, 0, 0, 3, 1.04, 8514703, 11072
138338, 204, 8, 78, 6, 0, 2.39%, 0, 0, 3, 1.09, 8533165, 11072
138343, 205, 8, 78, 6, 0, 2.39%, 0, 0, 3, 3695.03, 8552393, 11072
139380, 205, 11, 78, 6, 0, 2.39%, 0, 0, 3, 1.01, 8565992, 11072
139385, 205, 45, 78, 6, 0, 2.39%, 0, 0, 3, 3383.62, 8584489, 11072
140324, 205, 45, 78, 6, 0, 2.39%, 0, 0, 3, 0.09, 8584571, 11072
141333, 206, 42, 78, 6, 0, 2.39%, 0, 0, 3, 0.45, 8607727, 11072
141720, 206, 42, 78, 6, 0, 2.39%, 0, 0, 3, 0.79, 8630844, 11072
141725, 206, 31, 78, 6, 0, 2.39%, 0, 0, 3, 4013.31, 8651125, 11072
142761, 207, 46, 78, 6, 0, 2.39%, 0, 0, 3, 0.07, 8660927, 11072
143771, 207, 42, 78, 6, 0, 2.39%, 0, 0, 3, 0.73, 8676446, 11072
144768, 207, 11, 78, 6, 0, 2.39%, 0, 0, 3, 0.43, 8698167, 11072
144798, 207, 45, 78, 6, 0, 2.39%, 0, 0, 3, 9.89, 8712522, 11072
144803, 208, 11, 78, 6, 0, 2.39%, 0, 0, 3, 3778.25, 8733667, 11072
144808, 208, 42, 78, 6, 0, 2.39%, 0, 0, 3, 3451.82, 8751196, 11072
144813, 208, 31, 78, 6, 0, 2.39%, 0, 0, 3, 4041.66, 8768000, 11072
145381, 208, 42, 78, 6, 0, 2.39%, 0, 0, 3, 1.05, 8768597, 11072
145386, 209, 75, 78, 6, 0, 2.39%, 0, 0, 3, 4475.89, 8789787, 11072
146329, 209, 42, 78, 6, 0, 2.39%, 0, 0, 3, 0.17, 8799896, 11072
146334, 209, 46, 78, 6, 0, 2.39%, 0, 0, 3, 3667.96, 8821266, 11072
147141, 209, 46, 78, 6, 0, 2.39%, 0, 0, 3, 0.11, 8821351, 11072
147146, 209, 42, 78, 6, 0, 2.39%, 0, 0, 3, 4255.99, 8843225, 11072
147196, 210, 8, 78, 6, 0, 2.39%, 0, 0, 3, 22.21, 8850481, 11072
147201, 210, 11, 78, 6, 0, 2.39%, 0, 0, 3, 3679.65, 8870447, 11072
147341, 210, 7, 78, 6, 0, 2.39%, 0, 0, 3, 4.65, 8878349, 11072
147346, 210, 42, 78, 6, 0, 2.39%, 0, 0, 3, 3214.13, 8896671, 11072
147351, 211, 42, 78, 6, 0, 2.39%, 0, 0, 3, 3862.24, 8916795, 11072
147475, 211, 46, 78, 6, 0, 2.39%, 0, 0, 3, 1.03, 8918104, 11072
147480, 211, 11, 78, 6, 0, 2.39%, 0, 0, 3, 3256.69, 8933964, 11072
147485, 211, 11, 78, 6, 0, 2.39%, 0, 0, 3, 3275.26, 8950264, 11072
147490, 211, 42, 78, 6, 0, 2.39%, 0, 0, 3, 3587.40, 8968430, 11072
147495, 212, 11, 78, 6, 0, 2.39%, 0, 0, 3, 4212.61, 8990479, 11072
147500, 212, 11, 78, 6, 0, 2.39%, 0, 0, 3, 4209.96, 9011309, 11072
147505, 212, 42, 78, 6, 0, 2.39%, 0, 0, 3, 4304.63, 9033638, 11072
147510, 213, 11, 78, 6, 0, 2.39%, 0, 0, 3, 3940.30, 9053298, 11072
147515, 213, 42, 78, 6, 0, 2.39%, 0, 0, 3, 4048.17, 9073147, 11072
147520, 213, 42, 78, 6, 0, 2.39%, 0, 0, 3, 4268.87, 9093720, 11072
147526, 214, 8, 78, 6, 0, 2.39%, 0, 0, 3, 4430.00, 9112557, 11072
147531, 214, 6, 78, 6, 0, 2.39%, 0, 0, 3, 3691.69, 9130259, 11072
147536, 214, 42, 78, 6, 0, 2.39%, 0, 0, 3, 3274.52, 9147445, 11072
147541, 214, 42, 78, 6, 0, 2.39%, 0, 0, 3, 452.24, 9150900, 11072
147546, 214, 11, 78, 6, 0, 2.39%, 0, 0, 3, 2619.75, 9166437, 11072
147551, 215, 11, 78, 6, 0, 2.39%, 0, 0, 3, 2665.63, 9180665, 11072
147556, 215, 42, 78, 6, 0, 2.39%, 0, 0, 3, 3021.87, 9195944, 11072
147561, 215, 31, 78, 6, 0, 2.39%, 0, 0, 3, 2136.35, 9205508, 11072
147567, 215, 42, 78, 5, 0, 2.39%, 0, 0, 3, 555.00, 9222892, 11072
147572, 216, 46, 78, 5, 0, 2.39%, 0, 0, 3, 582.97, 9237058, 11072
147577, 216, 31, 78, 5, 0, 2.39%, 0, 0, 3, 3618.03, 9254983, 11072
147582, 216, 42, 78, 5, 0, 2.39%, 0, 0, 3, 3631.45, 9271533, 11072
147587, 216, 11, 78, 5, 0, 2.39%, 0, 0, 3, 4268.94, 9293554, 11072
147592, 217, 45, 78, 4, 0, 2.39%, 0, 0, 3, 3536.39, 9311696, 11072
147597, 217, 42, 78, 4, 0, 2.39%, 0, 0, 3, 3353.25, 9329092, 11072
147602, 217, 42, 78, 4, 0, 2.39%, 0, 0, 3, 4102.38, 9350756, 11072
147608, 218, 65, 78, 4, 0, 2.39%, 0, 0, 3, 3882.55, 9369640, 11072
147613, 218, 31, 78, 4, 0, 2.39%, 0, 0, 3, 4593.48, 9394193, 11072
147618, 218, 33, 78, 4, 0, 2.39%, 0, 0, 3, 4686.67, 9418403, 11072
147623, 219, 42, 78, 4, 0, 2.39%, 0, 0, 3, 3692.96, 9436537, 11072
147628, 219, 7, 78, 4, 0, 2.39%, 0, 0, 3, 4343.15, 9459554, 11072
147633, 219, 42, 78, 4, 0, 2.39%, 0, 0, 3, 4644.11, 9483359, 11072
147638, 220, 42, 78, 4, 0, 2.39%, 0, 0, 3, 4626.88, 9506310, 11072
147643, 220, 42, 78, 4, 0, 2.39%, 0, 0, 3, 4285.81, 9526953, 11072
147648, 220, 45, 78, 4, 0, 2.39%, 0, 0, 3, 3565.58, 9545866, 11072
147654, 221, 42, 78, 4, 0, 2.39%, 0, 0, 3, 4012.41, 9565927, 11072
147659, 221, 8, 78, 4, 0, 2.39%, 0, 0, 3, 3647.97, 9584400, 11072
147664, 221, 75, 78, 4, 0, 2.39%, 0, 0, 3, 2533.78, 9596709, 11072
147669, 221, 31, 78, 4, 0, 2.39%, 0, 0, 3, 2132.77, 9606945, 11072
147674, 222, 11, 78, 4, 0, 2.39%, 0, 0, 3, 3606.35, 9626497, 11072
147679, 222, 31, 78, 4, 0, 2.39%, 0, 0, 3, 3865.84, 9645699, 11072
147684, 222, 42, 78, 4, 0, 2.39%, 0, 0, 3, 3227.52, 9657014, 11072
147690, 222, 42, 78, 4, 0, 2.39%, 0, 0, 3, 3568.49, 9676465, 11072
147695, 223, 42, 78, 4, 0, 2.39%, 0, 0, 3, 4499.98, 9700523, 11072
147700, 223, 46, 78, 4, 0, 2.39%, 0, 0, 3, 835.07, 9714583, 11072
147705, 223, 75, 78, 4, 0, 2.39%, 0, 0, 3, 4557.48, 9737516, 11072
147710, 224, 8, 78, 4, 0, 2.39%, 0, 0, 3, 4410.26, 9759416, 11072
147715, 224, 42, 78, 4, 0, 2.39%, 0, 0, 3, 4579.96, 9782455, 11072
147720, 224, 11, 78, 4, 0, 2.39%, 0, 0, 3, 4924.31, 9801270, 11072
147725, 225, 42, 78, 4, 0, 2.39%, 0, 0, 3, 4722.79, 9824942, 11072
147730, 225, 31, 78, 4, 0, 2.39%, 0, 0, 3, 4648.51, 9847857, 11072
147736, 226, 11, 78, 4, 0, 2.39%, 0, 0, 3, 4721.66, 9872508, 11072
147741, 226, 42, 78, 4, 0, 2.39%, 0, 0, 3, 4606.75, 9894559, 11072
147746, 226, 11, 78, 4, 0, 2.39%, 0, 0, 3, 4583.54, 9918766, 11072
147751, 227, 42, 78, 4, 0, 2.39%, 0, 0, 3, 4421.37, 9940286, 11072
147756, 227, 65, 78, 4, 0, 2.39%, 0, 0, 3, 4363.26, 9961557, 11072
147761, 227, 42, 78, 4, 0, 2.39%, 0, 0, 3, 4127.95, 9982358, 11072
147766, 228, 42, 78, 4, 0, 2.39%, 0, 0, 3, 4489.31, 10005728, 11072
147771, 228, 42, 78, 4, 0, 2.39%, 0, 0, 3, 4395.73, 10027036, 11072
147776, 228, 11, 78, 4, 0, 2.39%, 0, 0, 3, 3898.24, 10046602, 11072
147781, 229, 31, 78, 4, 0, 2.39%, 0, 0, 3, 4090.40, 10067860, 11072
147786, 229, 8, 78, 4, 0, 2.39%, 0, 0, 3, 4370.95, 10089452, 11072
147791, 229, 11, 78, 4, 0, 2.39%, 0, 0, 3, 4049.42, 10110600, 11072
147797, 230, 11, 78, 4, 0, 2.39%, 0, 0, 3, 4217.72, 10132134, 11072
147802, 230, 42, 78, 4, 0, 2.39%, 0, 0, 3, 3667.49, 10149900, 11072
147807, 230, 11, 78, 4, 0, 2.39%, 0, 0, 3, 3636.67, 10168468, 11072
147812, 231, 6, 78, 4, 0, 2.39%, 0, 0, 3, 3523.35, 10185420, 11072
147817, 231, 11, 78, 4, 0, 2.39%, 0, 0, 3, 4013.21, 10205654, 11072
147822, 231, 11, 78, 4, 0, 2.39%, 0, 0, 3, 3955.94, 10225075, 11072
147827, 231, 42, 78, 4, 0, 2.39%, 0, 0, 3, 3151.60, 10239481, 11072
147832, 232, 8, 78, 4, 0, 2.39%, 0, 0, 3, 4008.87, 10259037, 11072
147837, 232, 31, 78, 4, 0, 2.39%, 0, 0, 3, 3944.94, 10276249, 11072
147843, 232, 45, 78, 4, 0, 2.39%, 0, 0, 3, 3792.57, 10294670, 11072
147848, 232, 11, 78, 4, 0, 2.39%, 0, 0, 3, 3771.60, 10313180, 11072
147853, 233, 11, 78, 4, 0, 2.39%, 0, 0, 3, 3889.35, 10332992, 11072
147858, 233, 65, 78, 4, 0, 2.39%, 0, 0, 3, 3906.17, 10353010, 11072
147863, 233, 7, 78, 4, 0, 2.39%, 0, 0, 3, 3806.37, 10372208, 11072
147868, 234, 8, 78, 4, 0, 2.39%, 0, 0, 3, 4082.29, 10393828, 11072
147873, 234, 42, 78, 4, 0, 2.39%, 0, 0, 3, 3994.85, 10413639, 11072
147878, 234, 31, 78, 4, 0, 2.39%, 0, 0, 3, 4043.89, 10433885, 11072
147883, 235, 46, 78, 3, 0, 2.39%, 0, 0, 3, 2228.19, 10449937, 11072
147888, 235, 31, 78, 3, 0, 2.39%, 0, 0, 3, 3506.98, 10470727, 11072
147893, 235, 11, 78, 3, 0, 2.39%, 0, 0, 3, 3910.14, 10492061, 11072
147899, 235, 11, 78, 3, 0, 2.39%, 0, 0, 3, 3075.77, 10508163, 11072
147904, 236, 46, 78, 3, 0, 2.39%, 0, 0, 3, 3274.88, 10525042, 11072
147909, 236, 42, 78, 3, 0, 2.39%, 0, 0, 3, 4197.59, 10546534, 11072
147914, 236, 75, 78, 3, 0, 2.39%, 0, 0, 3, 4095.61, 10566528, 11072
147919, 237, 11, 78, 3, 0, 2.39%, 0, 0, 3, 4247.61, 10587875, 11072
147924, 237, 11, 78, 3, 0, 2.39%, 0, 0, 3, 3635.19, 10607090, 11072
147929, 237, 11, 78, 3, 0, 2.39%, 0, 0, 3, 3955.13, 10628530, 11072
147934, 238, 65, 78, 3, 0, 2.39%, 0, 0, 3, 3987.05, 10648874, 11072
147939, 238, 42, 78, 3, 0, 2.39%, 0, 0, 3, 3451.76, 10665396, 11072
147945, 238, 11, 78, 3, 0, 2.39%, 0, 0, 3, 3896.39, 10686037, 11072
147950, 239, 42, 78, 3, 0, 2.39%, 0, 0, 3, 4269.51, 10708394, 11072
147951, 239, 7, 78, 3, 0, 2.39%, 0, 0, 3, 3941.70, 10713061, 11072
