# relative_time, cycles_done, cur_item, corpus_count, pending_total, pending_favs, map_size, saved_crashes, saved_hangs, max_depth, execs_per_sec, total_execs, edges_found
61, 0, 46, 47, 29, 1, 2.29%, 0, 0, 6, 2399.10, 101591, 10386
66, 0, 46, 47, 29, 1, 2.29%, 0, 0, 6, 2863.80, 115689, 10386
71, 0, 46, 47, 28, 0, 2.29%, 0, 0, 6, 842.41, 125509, 10386
76, 0, 46, 47, 28, 0, 2.29%, 0, 0, 6, 7450.70, 133059, 10386
81, 0, 46, 47, 28, 0, 2.29%, 0, 0, 6, 1782.95, 148269, 10386
86, 0, 46, 47, 28, 0, 2.29%, 0, 0, 6, 1119.80, 152895, 10386
91, 0, 46, 47, 28, 0, 2.29%, 0, 0, 6, 2636.05, 169097, 10386
97, 0, 46, 47, 28, 0, 2.29%, 0, 0, 6, 1131.71, 172705, 10386
102, 0, 46, 47, 28, 0, 2.29%, 0, 0, 6, 4533.72, 181637, 10386
107, 0, 39, 47, 28, 0, 2.29%, 0, 0, 6, 826.93, 192759, 10386
112, 0, 46, 48, 28, 0, 2.29%, 0, 0, 6, 1315.39, 199873, 10386
117, 0, 46, 48, 28, 0, 2.29%, 0, 0, 6, 2495.92, 212322, 10386
122, 0, 47, 48, 28, 0, 2.29%, 0, 0, 6, 2810.85, 220553, 10386
127, 0, 47, 48, 28, 0, 2.29%, 0, 0, 6, 553.99, 223393, 10386
132, 0, 46, 48, 28, 0, 2.29%, 0, 0, 6, 2641.79, 229785, 10386
137, 0, 46, 48, 28, 0, 2.29%, 0, 0, 6, 2103.72, 238257, 10386
142, 0, 47, 48, 28, 0, 2.29%, 0, 0, 6, 2776.13, 249216, 10386
148, 0, 46, 48, 28, 0, 2.29%, 0, 0, 6, 1117.93, 252926, 10386
153, 0, 46, 48, 28, 0, 2.29%, 0, 0, 6, 629.40, 255432, 10386
158, 0, 46, 48, 28, 0, 2.29%, 0, 0, 6, 3823.67, 266183, 10386
163, 0, 46, 48, 28, 0, 2.29%, 0, 0, 6, 706.21, 272258, 10386
168, 0, 46, 48, 28, 0, 2.29%, 0, 0, 6, 913.42, 276406, 10386
173, 0, 46, 48, 28, 0, 2.29%, 0, 0, 6, 627.14, 288572, 10386
178, 0, 46, 48, 28, 0, 2.29%, 0, 0, 6, 675.63, 292023, 10386
183, 0, 46, 48, 28, 0, 2.29%, 0, 0, 6, 912.12, 304079, 10386
188, 0, 46, 48, 28, 0, 2.29%, 0, 0, 6, 659.55, 309097, 10386
193, 0, 46, 48, 28, 0, 2.29%, 0, 0, 6, 686.40, 312430, 10386
199, 0, 46, 48, 28, 0, 2.29%, 0, 0, 6, 549.99, 326191, 10386
204, 0, 46, 48, 28, 0, 2.29%, 0, 0, 6, 643.21, 329561, 10386
209, 0, 46, 48, 28, 0, 2.29%, 0, 0, 6, 549.73, 341124, 10386
214, 0, 46, 48, 28, 0, 2.29%, 0, 0, 6, 713.39, 346097, 10386
219, 0, 46, 48, 28, 0, 2.29%, 0, 0, 6, 5270.23, 352781, 10386
224, 0, 46, 48, 28, 0, 2.29%, 0, 0, 6, 1561.51, 366767, 10386
229, 0, 46, 48, 28, 0, 2.29%, 0, 0, 6, 877.57, 370346, 10386
234, 0, 46, 48, 28, 0, 2.29%, 0, 0, 6, 2145.39, 382062, 10386
240, 0, 46, 48, 28, 0, 2.29%, 0, 0, 6, 1115.14, 387007, 10386
245, 0, 46, 48, 28, 0, 2.29%, 0, 0, 6, 638.13, 392715, 10386
250, 0, 46, 48, 28, 0, 2.29%, 0, 0, 6, 528.46, 402261, 10386
255, 0, 46, 48, 28, 0, 2.29%, 0, 0, 6, 513.48, 404843, 10386
260, 0, 46, 48, 28, 0, 2.29%, 0, 0, 6, 500.79, 407310, 10386
265, 0, 46, 48, 28, 0, 2.29%, 0, 0, 6, 540.91, 415343, 10386
270, 0, 47, 48, 28, 0, 2.29%, 0, 0, 6, 862.72, 425543, 10386
275, 0, 46, 48, 28, 0, 2.29%, 0, 0, 6, 856.96, 431001, 10386
280, 0, 46, 48, 28, 0, 2.29%, 0, 0, 6, 578.33, 433609, 10386
286, 0, 46, 48, 28, 0, 2.29%, 0, 0, 6, 5170.25, 442583, 10386
291, 1, 0, 49, 29, 0, 2.29%, 0, 0, 6, 3731.92, 459392, 10386
296, 1, 46, 49, 29, 0, 2.29%, 0, 0, 6, 610.50, 462640, 10386
301, 1, 46, 49, 29, 0, 2.29%, 0, 0, 6, 678.76, 466057, 10386
306, 1, 37, 49, 29, 0, 2.29%, 0, 0, 6, 1355.59, 478965, 10386
311, 1, 46, 49, 29, 0, 2.29%, 0, 0, 6, 707.65, 481726, 10386
316, 1, 46, 49, 29, 0, 2.29%, 0, 0, 6, 550.69, 484371, 10386
321, 1, 46, 49, 29, 0, 2.29%, 0, 0, 6, 3415.37, 488901, 10386
326, 1, 47, 49, 29, 0, 2.29%, 0, 0, 6, 618.11, 502586, 10386
331, 1, 46, 49, 29, 0, 2.29%, 0, 0, 6, 517.40, 508543, 10386
336, 1, 46, 49, 29, 0, 2.29%, 0, 0, 6, 526.57, 511203, 10386
341, 1, 46, 49, 29, 0, 2.29%, 0, 0, 6, 507.75, 513723, 10386
346, 1, 46, 49, 29, 0, 2.29%, 0, 0, 6, 692.83, 520782, 10386
351, 1, 46, 49, 28, 0, 2.29%, 0, 0, 6, 3040.91, 527837, 10386
356, 1, 46, 49, 28, 0, 2.29%, 0, 0, 6, 1468.71, 533007, 10386
362, 1, 46, 49, 28, 0, 2.29%, 0, 0, 6, 448.56, 546319, 10386
367, 1, 46, 49, 28, 0, 2.29%, 0, 0, 6, 501.75, 548837, 10386
372, 1, 46, 49, 28, 0, 2.29%, 0, 0, 6, 520.18, 551407, 10386
377, 1, 46, 49, 28, 0, 2.29%, 0, 0, 6, 3641.83, 565957, 10386
382, 1, 46, 49, 28, 0, 2.29%, 0, 0, 6, 1995.70, 573606, 10386
387, 1, 46, 49, 28, 0, 2.29%, 0, 0, 6, 658.98, 587977, 10386
392, 1, 46, 49, 28, 0, 2.29%, 0, 0, 6, 649.23, 591295, 10386
397, 1, 46, 49, 28, 0, 2.29%, 0, 0, 6, 807.79, 599301, 10386
402, 1, 47, 49, 28, 0, 2.29%, 0, 0, 6, 620.39, 614355, 10386
407, 1, 46, 49, 28, 0, 2.29%, 0, 0, 6, 538.82, 620112, 10386
412, 1, 46, 49, 28, 0, 2.29%, 0, 0, 6, 523.47, 622772, 10386
417, 1, 46, 49, 28, 0, 2.29%, 0, 0, 6, 792.98, 626384, 10386
422, 1, 47, 49, 28, 0, 2.29%, 0, 0, 6, 664.74, 637334, 10386
427, 1, 46, 49, 28, 0, 2.29%, 0, 0, 6, 973.07, 644220, 10386
432, 1, 46, 49, 28, 0, 2.29%, 0, 0, 6, 620.33, 646800, 10386
437, 1, 46, 49, 28, 0, 2.29%, 0, 0, 6, 537.92, 650180, 10386
443, 1, 46, 49, 28, 0, 2.29%, 0, 0, 6, 1682.64, 660079, 10386
448, 1, 47, 49, 28, 0, 2.29%, 0, 0, 6, 1024.73, 664300, 10386
453, 1, 46, 49, 28, 0, 2.29%, 0, 0, 6, 1119.63, 671510, 10386
458, 1, 46, 49, 28, 0, 2.29%, 0, 0, 6, 768.26, 674876, 10386
463, 1, 47, 49, 28, 0, 2.29%, 0, 0, 6, 948.80, 688621, 10386
468, 1, 46, 49, 28, 0, 2.29%, 0, 0, 6, 686.86, 698922, 10386
473, 1, 46, 49, 28, 0, 2.29%, 0, 0, 6, 697.71, 702471, 10386
478, 1, 46, 49, 28, 0, 2.29%, 0, 0, 6, 4688.25, 716123, 10386
484, 1, 46, 49, 28, 0, 2.29%, 0, 0, 6, 681.01, 723711, 10386
487, 1, 46, 49, 28, 0, 2.29%, 0, 0, 6, 685.51, 725895, 10386
548, 2, 8, 52, 39, 1, 2.29%, 0, 0, 2, 535.33, 63217, 10386
553, 2, 8, 52, 39, 1, 2.29%, 0, 0, 2, 3055.64, 69718, 10386
558, 2, 37, 52, 38, 0, 2.29%, 0, 0, 2, 4052.95, 86400, 10386
563, 2, 33, 52, 38, 0, 2.29%, 0, 0, 2, 578.03, 90117, 10386
568, 2, 33, 52, 38, 0, 2.29%, 0, 0, 2, 585.68, 93076, 10386
573, 2, 33, 52, 38, 0, 2.29%, 0, 0, 2, 676.21, 96739, 10386
578, 2, 8, 52, 38, 0, 2.29%, 0, 0, 2, 1627.41, 110896, 10386
584, 2, 8, 52, 38, 0, 2.29%, 0, 0, 2, 1312.35, 116866, 10386
589, 2, 33, 52, 38, 0, 2.29%, 0, 0, 2, 2032.81, 128507, 10386
594, 2, 33, 52, 38, 0, 2.29%, 0, 0, 2, 895.32, 131351, 10386
599, 2, 33, 52, 38, 0, 2.29%, 0, 0, 2, 665.41, 134329, 10386
604, 2, 8, 52, 38, 0, 2.29%, 0, 0, 2, 3487.15, 151727, 10386
609, 2, 33, 52, 38, 0, 2.29%, 0, 0, 2, 714.80, 167209, 10386
614, 2, 33, 52, 38, 0, 2.29%, 0, 0, 2, 717.57, 170807, 10386
619, 2, 33, 52, 38, 0, 2.29%, 0, 0, 2, 583.91, 179393, 10386
624, 2, 8, 52, 38, 0, 2.29%, 0, 0, 2, 506.85, 185057, 10386
630, 2, 8, 52, 38, 0, 2.29%, 0, 0, 2, 544.05, 187867, 10386
635, 2, 8, 52, 38, 0, 2.29%, 0, 0, 2, 5668.76, 194878, 10386
640, 2, 33, 52, 38, 0, 2.29%, 0, 0, 2, 3880.00, 210629, 10386
645, 2, 33, 52, 38, 0, 2.29%, 0, 0, 2, 376.38, 217148, 10386
650, 2, 33, 52, 38, 0, 2.29%, 0, 0, 2, 722.10, 229344, 10386
655, 2, 33, 52, 38, 0, 2.29%, 0, 0, 2, 745.26, 233054, 10386
660, 2, 33, 52, 38, 0, 2.29%, 0, 0, 2, 538.46, 243304, 10386
665, 2, 8, 52, 38, 0, 2.29%, 0, 0, 2, 686.46, 248674, 10386
670, 2, 8, 52, 38, 0, 2.29%, 0, 0, 2, 689.60, 252171, 10386
675, 2, 8, 52, 38, 0, 2.29%, 0, 0, 2, 1164.66, 258557, 10386
680, 2, 33, 52, 38, 0, 2.29%, 0, 0, 2, 938.12, 266933, 10386
685, 2, 33, 52, 38, 0, 2.29%, 0, 0, 2, 1971.00, 275908, 10386
691, 2, 8, 52, 38, 0, 2.29%, 0, 0, 2, 838.42, 290047, 10386
696, 2, 8, 52, 38, 0, 2.29%, 0, 0, 2, 720.03, 293515, 10386
701, 2, 8, 52, 38, 0, 2.29%, 0, 0, 2, 4034.56, 303472, 10386
706, 2, 33, 52, 38, 0, 2.29%, 0, 0, 2, 1512.27, 317179, 10386
711, 2, 33, 52, 38, 0, 2.29%, 0, 0, 2, 789.30, 320078, 10386
716, 2, 33, 52, 38, 0, 2.29%, 0, 0, 2, 618.63, 322958, 10386
721, 2, 33, 52, 38, 0, 2.29%, 0, 0, 2, 708.54, 333943, 10386
726, 2, 21, 52, 38, 0, 2.29%, 0, 0, 2, 782.50, 342236, 10386
731, 2, 8, 52, 37, 0, 2.29%, 0, 0, 2, 1939.49, 352360, 10386
736, 2, 8, 52, 37, 0, 2.29%, 0, 0, 2, 2157.26, 361042, 10386
741, 2, 8, 52, 37, 0, 2.29%, 0, 0, 2, 1259.01, 366385, 10386
746, 2, 8, 52, 37, 0, 2.29%, 0, 0, 2, 2464.48, 380125, 10386
751, 2, 8, 52, 37, 0, 2.29%, 0, 0, 2, 1371.30, 385381, 10386
756, 2, 8, 52, 37, 0, 2.29%, 0, 0, 2, 4441.87, 395876, 10386
762, 2, 8, 52, 37, 0, 2.29%, 0, 0, 2, 658.57, 400894, 10386
767, 2, 8, 52, 37, 0, 2.29%, 0, 0, 2, 4865.00, 405117, 10386
772, 2, 33, 52, 37, 0, 2.29%, 0, 0, 2, 612.90, 417997, 10386
777, 2, 33, 52, 37, 0, 2.29%, 0, 0, 2, 600.98, 420973, 10386
782, 2, 33, 52, 37, 0, 2.29%, 0, 0, 2, 4409.72, 433396, 10386
787, 2, 8, 52, 37, 0, 2.29%, 0, 0, 2, 678.40, 439180, 10386
792, 2, 8, 52, 37, 0, 2.29%, 0, 0, 2, 5555.00, 444171, 10386
797, 2, 33, 52, 37, 0, 2.29%, 0, 0, 2, 560.55, 454992, 10386
802, 2, 33, 52, 37, 0, 2.29%, 0, 0, 2, 576.41, 457940, 10386
807, 2, 33, 52, 37, 0, 2.29%, 0, 0, 2, 567.95, 460833, 10386
812, 2, 33, 52, 37, 0, 2.29%, 0, 0, 2, 566.57, 468856, 10386
817, 2, 8, 52, 37, 0, 2.29%, 0, 0, 2, 960.39, 476798, 10386
823, 2, 8, 52, 37, 0, 2.29%, 0, 0, 2, 1437.56, 484434, 10386
828, 2, 14, 52, 37, 0, 2.29%, 0, 0, 2, 1630.04, 492662, 10386
833, 2, 8, 52, 37, 0, 2.29%, 0, 0, 2, 790.36, 495448, 10386
838, 2, 8, 52, 37, 0, 2.29%, 0, 0, 2, 596.85, 498229, 10386
843, 2, 8, 52, 37, 0, 2.29%, 0, 0, 2, 5336.01, 507073, 10386
848, 2, 33, 52, 37, 0, 2.29%, 0, 0, 2, 688.71, 513000, 10386
853, 2, 33, 52, 37, 0, 2.29%, 0, 0, 2, 597.79, 516004, 10386
859, 2, 8, 52, 37, 0, 2.29%, 0, 0, 2, 3927.99, 529911, 10386
864, 2, 8, 52, 37, 0, 2.29%, 0, 0, 2, 3125.03, 542606, 10386
869, 3, 14, 52, 37, 0, 2.29%, 0, 0, 2, 450.81, 555767, 10386
874, 3, 33, 52, 37, 0, 2.29%, 0, 0, 2, 2293.98, 563658, 10386
879, 3, 33, 52, 37, 0, 2.29%, 0, 0, 2, 2689.15, 577478, 10386
884, 3, 33, 52, 37, 0, 2.29%, 0, 0, 2, 1557.74, 583323, 10386
889, 3, 8, 52, 37, 0, 2.29%, 0, 0, 2, 1965.29, 596773, 10386
894, 3, 8, 52, 37, 0, 2.29%, 0, 0, 2, 979.36, 600233, 10386
899, 3, 33, 52, 37, 0, 2.29%, 0, 0, 2, 2701.38, 613563, 10386
905, 3, 33, 52, 37, 0, 2.29%, 0, 0, 2, 569.77, 616533, 10386
910, 3, 33, 52, 37, 0, 2.29%, 0, 0, 2, 567.18, 619427, 10386
915, 3, 8, 52, 37, 0, 2.29%, 0, 0, 2, 698.81, 632456, 10386
920, 3, 8, 52, 37, 0, 2.29%, 0, 0, 2, 677.31, 635858, 10386
925, 3, 8, 52, 37, 0, 2.29%, 0, 0, 2, 541.07, 642764, 10386
930, 3, 8, 52, 36, 0, 2.29%, 0, 0, 2, 2933.72, 652354, 10386
935, 3, 8, 52, 36, 0, 2.29%, 0, 0, 2, 1620.08, 658293, 10386
940, 3, 8, 52, 36, 0, 2.29%, 0, 0, 2, 506.25, 671674, 10386
945, 3, 8, 52, 36, 0, 2.29%, 0, 0, 2, 513.70, 674254, 10386
950, 3, 8, 52, 36, 0, 2.29%, 0, 0, 2, 531.45, 676964, 10386
955, 3, 8, 52, 36, 0, 2.29%, 0, 0, 2, 798.86, 690306, 10386
960, 3, 8, 52, 36, 0, 2.29%, 0, 0, 2, 592.84, 693059, 10386
965, 3, 8, 52, 36, 0, 2.29%, 0, 0, 2, 597.66, 695895, 10386
970, 3, 14, 52, 36, 0, 2.29%, 0, 0, 2, 1033.00, 711139, 10386
975, 3, 8, 52, 36, 0, 2.29%, 0, 0, 2, 1069.85, 716888, 10386
981, 3, 8, 52, 36, 0, 2.29%, 0, 0, 2, 1111.86, 728451, 10386
986, 3, 8, 52, 36, 0, 2.29%, 0, 0, 2, 813.56, 733342, 10386
991, 3, 8, 52, 36, 0, 2.29%, 0, 0, 2, 604.90, 736122, 10386
996, 3, 8, 52, 36, 0, 2.29%, 0, 0, 2, 801.40, 744378, 10386
1001, 3, 33, 52, 36, 0, 2.29%, 0, 0, 2, 2632.40, 752908, 10386
1006, 3, 33, 52, 36, 0, 2.29%, 0, 0, 2, 2017.92, 760886, 10386
1011, 3, 33, 52, 36, 0, 2.29%, 0, 0, 2, 2102.89, 773556, 10386
1017, 3, 8, 52, 36, 0, 2.29%, 0, 0, 2, 541.56, 786154, 10386
1022, 3, 8, 52, 36, 0, 2.29%, 0, 0, 2, 549.92, 788936, 10386
1027, 3, 8, 52, 36, 0, 2.29%, 0, 0, 2, 528.43, 791554, 10386
1032, 3, 33, 52, 36, 0, 2.29%, 0, 0, 2, 715.90, 804462, 10386
1037, 3, 33, 52, 36, 0, 2.29%, 0, 0, 2, 758.04, 808256, 10386
1042, 3, 33, 52, 36, 0, 2.29%, 0, 0, 2, 781.53, 816829, 10386
1047, 3, 33, 52, 36, 0, 2.29%, 0, 0, 2, 1080.65, 824766, 10386
1052, 3, 33, 52, 36, 0, 2.29%, 0, 0, 2, 1200.96, 830547, 10386
1057, 3, 8, 52, 36, 0, 2.29%, 0, 0, 2, 3472.09, 846358, 10386
1058, 3, 8, 52, 36, 0, 2.29%, 0, 0, 2, 3252.12, 846974, 10386
1119, 4, 49, 71, 44, 1, 2.39%, 0, 0, 2, 568.28, 909733, 11072
1124, 4, 49, 71, 44, 1, 2.39%, 0, 0, 2, 549.67, 912529, 11072
1129, 4, 49, 71, 44, 1, 2.39%, 0, 0, 2, 1047.07, 917094, 11072
1134, 4, 49, 71, 43, 0, 2.39%, 0, 0, 2, 446.50, 927319, 11072
1139, 4, 49, 71, 43, 0, 2.39%, 0, 0, 2, 386.45, 929194, 11072
1144, 4, 49, 71, 43, 0, 2.39%, 0, 0, 2, 445.60, 931512, 11072
1149, 4, 49, 71, 43, 0, 2.39%, 0, 0, 2, 4296.26, 939072, 11072
1154, 4, 49, 71, 43, 0, 2.39%, 0, 0, 2, 833.50, 946760, 11072
1159, 4, 49, 71, 43, 0, 2.39%, 0, 0, 2, 840.28, 950968, 11072
1164, 4, 49, 71, 43, 0, 2.39%, 0, 0, 2, 2823.54, 959840, 11072
1169, 4, 49, 71, 43, 0, 2.39%, 0, 0, 2, 3127.49, 969025, 11072
1174, 4, 49, 71, 43, 0, 2.39%, 0, 0, 2, 3273.22, 978121, 11072
1180, 4, 49, 71, 43, 0, 2.39%, 0, 0, 2, 416.18, 984089, 11072
1185, 4, 49, 71, 43, 0, 2.39%, 0, 0, 2, 416.84, 986306, 11072
1190, 4, 49, 71, 43, 0, 2.39%, 0, 0, 2, 431.74, 988506, 11072
1195, 4, 49, 71, 43, 0, 2.39%, 0, 0, 2, 606.34, 992398, 11072
1200, 4, 49, 71, 43, 0, 2.39%, 0, 0, 2, 3825.63, 997802, 11072
1205, 4, 49, 71, 43, 0, 2.39%, 0, 0, 2, 451.63, 1001735, 11072
1210, 4, 49, 71, 43, 0, 2.39%, 0, 0, 2, 426.91, 1003900, 11072
1216, 4, 49, 71, 43, 0, 2.39%, 0, 0, 2, 425.62, 1006076, 11072
1221, 4, 49, 71, 43, 0, 2.39%, 0, 0, 2, 538.73, 1010256, 11072
1226, 4, 26, 71, 43, 0, 2.39%, 0, 0, 2, 1651.76, 1023414, 11072
1231, 4, 49, 71, 43, 0, 2.39%, 0, 0, 2, 307.62, 1028463, 11072
1236, 4, 49, 71, 43, 0, 2.39%, 0, 0, 2, 366.32, 1030393, 11072
1241, 4, 49, 71, 43, 0, 2.39%, 0, 0, 2, 422.69, 1032547, 11072
1246, 4, 49, 71, 43, 0, 2.39%, 0, 0, 2, 3224.56, 1044926, 11072
1251, 4, 49, 71, 43, 0, 2.39%, 0, 0, 2, 517.47, 1056019, 11072
1256, 4, 49, 71, 43, 0, 2.39%, 0, 0, 2, 468.72, 1058363, 11072
1261, 4, 49, 71, 43, 0, 2.39%, 0, 0, 2, 418.19, 1060352, 11072
1266, 4, 49, 71, 43, 0, 2.39%, 0, 0, 2, 502.60, 1063835, 11072
1272, 4, 65, 71, 43, 0, 2.39%, 0, 0, 2, 4310.00, 1072958, 11072
1277, 4, 49, 71, 43, 0, 2.39%, 0, 0, 2, 474.82, 1082336, 11072
1282, 4, 49, 71, 43, 0, 2.39%, 0, 0, 2, 468.48, 1084685, 11072
1287, 4, 49, 71, 43, 0, 2.39%, 0, 0, 2, 472.61, 1087025, 11072
1292, 4, 65, 71, 42, 0, 2.39%, 0, 0, 2, 2699.26, 1099919, 11072
1297, 4, 49, 71, 42, 0, 2.39%, 0, 0, 2, 1510.04, 1107279, 11072
1302, 4, 49, 71, 42, 0, 2.39%, 0, 0, 2, 2265.76, 1117687, 11072
1307, 4, 49, 71, 42, 0, 2.39%, 0, 0, 2, 499.75, 1130758, 11072
1312, 4, 49, 71, 42, 0, 2.39%, 0, 0, 2, 467.05, 1133090, 11072
1317, 4, 49, 71, 42, 0, 2.39%, 0, 0, 2, 451.03, 1135349, 11072
1322, 4, 49, 71, 42, 0, 2.39%, 0, 0, 2, 537.03, 1139948, 11072
1328, 4, 49, 71, 42, 0, 2.39%, 0, 0, 2, 3861.71, 1155715, 11072
1333, 4, 49, 71, 42, 0, 2.39%, 0, 0, 2, 289.31, 1164791, 11072
1338, 4, 49, 71, 42, 0, 2.39%, 0, 0, 2, 892.06, 1173003, 11072
1343, 4, 49, 71, 42, 0, 2.39%, 0, 0, 2, 1526.29, 1180936, 11072
1348, 4, 49, 71, 42, 0, 2.39%, 0, 0, 2, 435.41, 1191483, 11072
1353, 4, 49, 71, 42, 0, 2.39%, 0, 0, 2, 531.45, 1194265, 11072
1358, 4, 49, 71, 42, 0, 2.39%, 0, 0, 2, 583.52, 1197265, 11072
1363, 4, 49, 71, 42, 0, 2.39%, 0, 0, 2, 629.37, 1204263, 11072
1368, 4, 26, 71, 42, 0, 2.39%, 0, 0, 2, 5808.95, 1224130, 11072
1373, 4, 49, 71, 42, 0, 2.39%, 0, 0, 2, 2889.75, 1235773, 11072
1378, 4, 49, 71, 42, 0, 2.39%, 0, 0, 2, 482.45, 1246188, 11072
1384, 4, 65, 71, 42, 0, 2.39%, 0, 0, 2, 4355.28, 1258750, 11072
1389, 4, 49, 71, 42, 0, 2.39%, 0, 0, 2, 440.24, 1264150, 11072
1394, 4, 49, 71, 42, 0, 2.39%, 0, 0, 2, 445.54, 1266358, 11072
1399, 4, 49, 71, 42, 0, 2.39%, 0, 0, 2, 460.76, 1268745, 11072
1404, 4, 49, 71, 42, 0, 2.39%, 0, 0, 2, 1014.65, 1276190, 11072
1409, 4, 49, 71, 42, 0, 2.39%, 0, 0, 2, 921.13, 1287910, 11072
1414, 4, 49, 71, 42, 0, 2.39%, 0, 0, 2, 1158.88, 1293326, 11072
1419, 4, 49, 71, 42, 0, 2.39%, 0, 0, 2, 410.29, 1304276, 11072
1424, 4, 49, 71, 42, 0, 2.39%, 0, 0, 2, 434.96, 1306484, 11072
1429, 4, 49, 71, 42, 0, 2.39%, 0, 0, 2, 443.17, 1308796, 11072
1435, 4, 26, 71, 42, 0, 2.39%, 0, 0, 2, 3105.64, 1321148, 11072
1440, 4, 65, 71, 42, 0, 2.39%, 0, 0, 2, 3863.72, 1336649, 11072
1445, 4, 49, 71, 42, 0, 2.39%, 0, 0, 2, 428.04, 1339099, 11072
1450, 4, 49, 71, 42, 0, 2.39%, 0, 0, 2, 422.79, 1341251, 11072
1455, 4, 49, 71, 42, 0, 2.39%, 0, 0, 2, 4258.71, 1344124, 11072
1460, 4, 4, 71, 42, 0, 2.39%, 0, 0, 2, 2979.09, 1355555, 11072
1465, 4, 49, 71, 42, 0, 2.39%, 0, 0, 2, 1541.88, 1362214, 11072
1470, 4, 49, 71, 42, 0, 2.39%, 0, 0, 2, 1767.22, 1370495, 11072
1476, 4, 49, 71, 41, 0, 2.39%, 0, 0, 2, 1676.33, 1380618, 11072
1481, 4, 49, 71, 41, 0, 2.39%, 0, 0, 2, 431.36, 1389444, 11072
1486, 4, 49, 71, 41, 0, 2.39%, 0, 0, 2, 485.55, 1401297, 11072
1491, 4, 49, 71, 41, 0, 2.39%, 0, 0, 2, 466.98, 1403529, 11072
1496, 4, 49, 71, 41, 0, 2.39%, 0, 0, 2, 484.82, 1406013, 11072
1501, 4, 49, 71, 41, 0, 2.39%, 0, 0, 2, 721.70, 1413054, 11072
1506, 4, 49, 71, 41, 0, 2.39%, 0, 0, 2, 500.54, 1416500, 11072
1511, 4, 49, 71, 41, 0, 2.39%, 0, 0, 2, 284.28, 1419601, 11072
1516, 4, 49, 71, 41, 0, 2.39%, 0, 0, 2, 417.01, 1421869, 11072
1522, 4, 49, 71, 41, 0, 2.39%, 0, 0, 2, 539.01, 1424611, 11072
1527, 4, 49, 71, 41, 0, 2.39%, 0, 0, 2, 6137.44, 1433640, 11072
1532, 4, 65, 71, 41, 0, 2.39%, 0, 0, 2, 1827.39, 1441629, 11072
1537, 4, 49, 71, 41, 0, 2.39%, 0, 0, 2, 1252.41, 1447649, 11072
1542, 4, 49, 71, 41, 0, 2.39%, 0, 0, 2, 2463.29, 1458831, 11072
1547, 5, 49, 71, 41, 0, 2.39%, 0, 0, 2, 746.19, 1469222, 11072
1552, 5, 49, 71, 41, 0, 2.39%, 0, 0, 2, 5224.58, 1474780, 11072
1557, 5, 49, 71, 41, 0, 2.39%, 0, 0, 2, 473.61, 1484675, 11072
1562, 5, 49, 71, 41, 0, 2.39%, 0, 0, 2, 477.44, 1487159, 11072
1567, 5, 49, 71, 41, 0, 2.39%, 0, 0, 2, 462.39, 1489481, 11072
1572, 5, 49, 71, 41, 0, 2.39%, 0, 0, 2, 773.46, 1501762, 11072
1577, 5, 49, 71, 41, 0, 2.39%, 0, 0, 2, 519.14, 1506512, 11072
1582, 5, 49, 71, 41, 0, 2.39%, 0, 0, 2, 496.73, 1508997, 11072
1587, 5, 49, 71, 41, 0, 2.39%, 0, 0, 2, 479.25, 1511391, 11072
1593, 5, 49, 71, 41, 0, 2.39%, 0, 0, 2, 4440.50, 1522060, 11072
1598, 5, 49, 71, 41, 0, 2.39%, 0, 0, 2, 586.91, 1525388, 11072
1603, 5, 49, 71, 41, 0, 2.39%, 0, 0, 2, 618.84, 1528586, 11072
1608, 5, 49, 71, 41, 0, 2.39%, 0, 0, 2, 458.86, 1543409, 11072
1613, 5, 49, 71, 41, 0, 2.39%, 0, 0, 2, 425.46, 1545541, 11072
1618, 5, 49, 71, 41, 0, 2.39%, 0, 0, 2, 467.11, 1547909, 11072
1623, 5, 49, 71, 41, 0, 2.39%, 0, 0, 2, 3649.54, 1560254, 11072
1628, 5, 49, 71, 41, 0, 2.39%, 0, 0, 2, 561.15, 1563158, 11072
1633, 5, 49, 71, 41, 0, 2.39%, 0, 0, 2, 549.25, 1565941, 11072
1638, 5, 49, 71, 41, 0, 2.39%, 0, 0, 2, 3193.06, 1573868, 11072
1643, 5, 65, 71, 40, 0, 2.39%, 0, 0, 2, 4649.28, 1585176, 11072
1648, 5, 49, 72, 41, 0, 2.39%, 0, 0, 3, 2022.73, 1592005, 11072
1654, 5, 49, 72, 41, 0, 2.39%, 0, 0, 3, 1979.10, 1600379, 11072
1659, 5, 65, 72, 41, 0, 2.39%, 0, 0, 3, 3568.16, 1608046, 11072
1664, 5, 49, 72, 41, 0, 2.39%, 0, 0, 3, 1796.40, 1615596, 11072
1669, 5, 49, 72, 41, 0, 2.39%, 0, 0, 3, 1779.28, 1623688, 11072
1674, 5, 49, 72, 41, 0, 2.39%, 0, 0, 3, 649.92, 1633180, 11072
1679, 5, 49, 72, 41, 0, 2.39%, 0, 0, 3, 646.10, 1636404, 11072
1684, 5, 49, 72, 41, 0, 2.39%, 0, 0, 3, 4910.45, 1640632, 11072
1689, 5, 49, 72, 41, 0, 2.39%, 0, 0, 3, 445.37, 1652288, 11072
1695, 5, 49, 72, 41, 0, 2.39%, 0, 0, 3, 469.90, 1654717, 11072
1700, 5, 49, 72, 41, 0, 2.39%, 0, 0, 3, 463.47, 1657048, 11072
1705, 5, 4, 72, 41, 0, 2.39%, 0, 0, 3, 4742.66, 1669196, 11072
1710, 5, 49, 72, 41, 0, 2.39%, 0, 0, 3, 829.66, 1682762, 11072
1715, 5, 49, 72, 41, 0, 2.39%, 0, 0, 3, 1127.13, 1688258, 11072
1720, 5, 49, 72, 41, 0, 2.39%, 0, 0, 3, 1497.43, 1697068, 11072
1725, 5, 49, 72, 41, 0, 2.39%, 0, 0, 3, 948.41, 1704749, 11072
1730, 5, 49, 72, 41, 0, 2.39%, 0, 0, 3, 1513.10, 1713079, 11072
1735, 5, 49, 72, 41, 0, 2.39%, 0, 0, 3, 1976.33, 1725959, 11072
1741, 5, 49, 72, 41, 0, 2.39%, 0, 0, 3, 2119.57, 1737542, 11072
1746, 5, 49, 72, 41, 0, 2.39%, 0, 0, 3, 1008.91, 1740721, 11072
1751, 5, 49, 72, 41, 0, 2.39%, 0, 0, 3, 721.53, 1743963, 11072
1756, 5, 49, 72, 41, 0, 2.39%, 0, 0, 3, 1830.04, 1753833, 11072
1761, 5, 49, 72, 41, 0, 2.39%, 0, 0, 3, 1216.90, 1760066, 11072
1766, 5, 49, 72, 41, 0, 2.39%, 0, 0, 3, 2582.97, 1771691, 11072
1771, 5, 49, 72, 41, 0, 2.39%, 0, 0, 3, 539.54, 1779061, 11072
1776, 5, 49, 72, 41, 0, 2.39%, 0, 0, 3, 470.86, 1781369, 11072
1781, 5, 49, 72, 41, 0, 2.39%, 0, 0, 3, 486.59, 1783862, 11072
1786, 5, 49, 72, 41, 0, 2.39%, 0, 0, 3, 518.77, 1792469, 11072
1791, 5, 49, 72, 41, 0, 2.39%, 0, 0, 3, 3635.57, 1804056, 11072
1797, 5, 49, 72, 41, 0, 2.39%, 0, 0, 3, 1551.00, 1808893, 11072
1802, 5, 49, 72, 41, 0, 2.39%, 0, 0, 3, 519.12, 1822530, 11072
1807, 5, 49, 72, 41, 0, 2.39%, 0, 0, 3, 475.09, 1824869, 11072
1812, 5, 49, 72, 41, 0, 2.39%, 0, 0, 3, 465.94, 1827191, 11072
1817, 5, 49, 72, 41, 0, 2.39%, 0, 0, 3, 3513.71, 1840236, 11072
1822, 5, 49, 72, 41, 0, 2.39%, 0, 0, 3, 1599.34, 1845236, 11072
1827, 5, 49, 72, 41, 0, 2.39%, 0, 0, 3, 404.29, 1856812, 11072
1832, 5, 49, 72, 41, 0, 2.39%, 0, 0, 3, 1213.01, 1863700, 11072
1838, 5, 65, 72, 41, 0, 2.39%, 0, 0, 3, 2609.53, 1878582, 11072
1843, 5, 49, 72, 41, 0, 2.39%, 0, 0, 3, 480.84, 1886414, 11072
1848, 5, 49, 72, 41, 0, 2.39%, 0, 0, 3, 463.24, 1888754, 11072
1853, 5, 49, 72, 41, 0, 2.39%, 0, 0, 3, 3022.57, 1892689, 11072
1858, 5, 49, 72, 41, 0, 2.39%, 0, 0, 3, 683.51, 1900983, 11072
1863, 5, 49, 72, 41, 0, 2.39%, 0, 0, 3, 2694.78, 1909192, 11072
1868, 5, 65, 72, 41, 0, 2.39%, 0, 0, 3, 4308.14, 1925492, 11072
1873, 5, 49, 72, 40, 0, 2.39%, 0, 0, 3, 2440.79, 1938652, 11072
1878, 5, 49, 72, 40, 0, 2.39%, 0, 0, 3, 1315.44, 1943690, 11072
1883, 5, 26, 72, 40, 0, 2.39%, 0, 0, 3, 2762.94, 1958618, 11072
1888, 5, 49, 72, 40, 0, 2.39%, 0, 0, 3, 482.04, 1963445, 11072
1893, 5, 49, 72, 40, 0, 2.39%, 0, 0, 3, 456.06, 1965740, 11072
1898, 5, 49, 72, 40, 0, 2.39%, 0, 0, 3, 5590.73, 1971899, 11072
1903, 5, 49, 72, 40, 0, 2.39%, 0, 0, 3, 674.86, 1981825, 11072
1909, 5, 49, 72, 40, 0, 2.39%, 0, 0, 3, 615.82, 1985031, 11072
1914, 5, 65, 72, 40, 0, 2.39%, 0, 0, 3, 3999.85, 1998743, 11072
1919, 5, 49, 72, 40, 0, 2.39%, 0, 0, 3, 486.11, 2004050, 11072
1924, 5, 49, 72, 40, 0, 2.39%, 0, 0, 3, 490.50, 2006579, 11072
1929, 5, 49, 72, 40, 0, 2.39%, 0, 0, 3, 474.16, 2008974, 11072
1934, 5, 49, 72, 40, 0, 2.39%, 0, 0, 3, 659.50, 2017955, 11072
1939, 5, 49, 72, 40, 0, 2.39%, 0, 0, 3, 5097.71, 2028751, 11072
1944, 5, 49, 72, 40, 0, 2.39%, 0, 0, 3, 417.83, 2030814, 11072
1949, 5, 49, 72, 40, 0, 2.39%, 0, 0, 3, 449.25, 2033126, 11072
1954, 5, 49, 72, 40, 0, 2.39%, 0, 0, 3, 517.57, 2036926, 11072
1959, 5, 49, 72, 40, 0, 2.39%, 0, 0, 3, 649.29, 2041295, 11072
1965, 5, 49, 72, 40, 0, 2.39%, 0, 0, 3, 637.34, 2046355, 11072
1970, 5, 49, 72, 40, 0, 2.39%, 0, 0, 3, 1278.06, 2055359, 11072
1975, 5, 49, 72, 40, 0, 2.39%, 0, 0, 3, 1229.23, 2062979, 11072
1980, 5, 49, 72, 40, 0, 2.39%, 0, 0, 3, 596.10, 2071549, 11072
2318, 5, 49, 72, 40, 0, 2.39%, 0, 0, 3, 1.73, 2078679, 11072
2323, 5, 26, 72, 39, 0, 2.39%, 0, 0, 3, 5474.85, 2096663, 11072
2328, 5, 49, 72, 39, 0, 2.39%, 0, 0, 3, 822.36, 2104356, 11072
2333, 5, 49, 72, 39, 0, 2.39%, 0, 0, 3, 5227.15, 2111644, 11072
2338, 5, 49, 72, 39, 0, 2.39%, 0, 0, 3, 586.65, 2120390, 11072
2343, 5, 49, 72, 39, 0, 2.39%, 0, 0, 3, 546.08, 2123217, 11072
2348, 5, 49, 72, 39, 0, 2.39%, 0, 0, 3, 3615.00, 2126633, 11072
3393, 5, 49, 72, 39, 0, 2.39%, 0, 0, 3, 0.06, 2130060, 11072
3398, 5, 49, 72, 39, 0, 2.39%, 0, 0, 3, 2274.16, 2135539, 11072
4374, 5, 49, 72, 39, 0, 2.39%, 0, 0, 3, 0.06, 2135595, 11072
5338, 5, 49, 72, 39, 0, 2.39%, 0, 0, 3, 0.19, 2139276, 11072
5343, 5, 49, 72, 39, 0, 2.39%, 0, 0, 3, 4656.94, 2152098, 11072
6248, 5, 49, 72, 39, 0, 2.39%, 0, 0, 3, 0.10, 2152191, 11072
6253, 5, 49, 72, 38, 0, 2.39%, 0, 0, 3, 1169.98, 2158235, 11072
7310, 5, 49, 72, 38, 0, 2.39%, 0, 0, 3, 0.04, 2158281, 11072
7315, 5, 49, 72, 38, 0, 2.39%, 0, 0, 3, 1687.29, 2168363, 11072
8233, 5, 49, 72, 38, 0, 2.39%, 0, 0, 3, 0.05, 2169074, 11072
9239, 5, 49, 72, 38, 0, 2.39%, 0, 0, 3, 0.12, 2173606, 11072
9244, 5, 49, 72, 38, 0, 2.39%, 0, 0, 3, 609.72, 2178871, 11072
10180, 5, 49, 72, 38, 0, 2.39%, 0, 0, 3, 0.40, 2180411, 11072
11185, 5, 49, 72, 38, 0, 2.39%, 0, 0, 3, 0.22, 2190509, 11072
11190, 5, 49, 72, 38, 0, 2.39%, 0, 0, 3, 1035.40, 2198498, 11072
12191, 5, 49, 72, 38, 0, 2.39%, 0, 0, 3, 0.14, 2198639, 11072
12900, 6, 65, 72, 38, 0, 2.39%, 0, 0, 3, 0.79, 2212518, 11072
12905, 6, 49, 72, 38, 0, 2.39%, 0, 0, 3, 3101.03, 2227239, 11072
13857, 6, 49, 72, 38, 0, 2.39%, 0, 0, 3, 0.24, 2230790, 11072
14852, 6, 49, 72, 38, 0, 2.39%, 0, 0, 3, 0.06, 2243537, 11072
15890, 6, 49, 72, 38, 0, 2.39%, 0, 0, 3, 0.83, 2256499, 11072
16560, 6, 65, 72, 38, 0, 2.39%, 0, 0, 3, 0.17, 2268582, 11072
16565, 6, 49, 72, 38, 0, 2.39%, 0, 0, 3, 1315.41, 2274861, 11072
16570, 6, 49, 72, 38, 0, 2.39%, 0, 0, 3, 460.11, 2280409, 11072
17493, 6, 49, 72, 38, 0, 2.39%, 0, 0, 3, 0.04, 2280909, 11072
17498, 6, 49, 72, 38, 0, 2.39%, 0, 0, 3, 1741.72, 2292544, 11072
18471, 6, 49, 72, 38, 0, 2.39%, 0, 0, 3, 0.09, 2292631, 11072
18476, 6, 49, 72, 38, 0, 2.39%, 0, 0, 3, 2356.90, 2305045, 11072
19393, 6, 49, 72, 38, 0, 2.39%, 0, 0, 3, 0.07, 2305108, 11072
19398, 6, 49, 72, 38, 0, 2.39%, 0, 0, 3, 3347.88, 2313768, 11072
20015, 6, 49, 72, 38, 0, 2.39%, 0, 0, 3, 0.08, 2313815, 11072
20020, 6, 49, 72, 38, 0, 2.39%, 0, 0, 3, 561.79, 2325291, 11072
20220, 6, 49, 72, 38, 0, 2.39%, 0, 0, 3, 0.39, 2326300, 11072
20225, 6, 49, 72, 38, 0, 2.39%, 0, 0, 3, 502.40, 2328741, 11072
21294, 6, 49, 72, 38, 0, 2.39%, 0, 0, 3, 0.11, 2329704, 11072
21299, 6, 49, 72, 38, 0, 2.39%, 0, 0, 3, 524.83, 2332503, 11072
22257, 6, 49, 72, 38, 0, 2.39%, 0, 0, 3, 0.02, 2332523, 11072
22262, 6, 49, 72, 38, 0, 2.39%, 0, 0, 3, 482.26, 2340865, 11072
23793, 6, 49, 72, 38, 0, 2.39%, 0, 0, 3, 0.23, 2341215, 11072
23798, 6, 49, 72, 38, 0, 2.39%, 0, 0, 3, 2277.42, 2346941, 11072
23880, 6, 49, 72, 38, 0, 2.39%, 0, 0, 3, 0.57, 2346988, 11072
23885, 6, 49, 72, 38, 0, 2.39%, 0, 0, 3, 7044.36, 2356633, 11072
24894, 6, 49, 72, 38, 0, 2.39%, 0, 0, 3, 0.03, 2363065, 11072
24899, 6, 49, 72, 38, 0, 2.39%, 0, 0, 3, 730.85, 2366911, 11072
25905, 6, 49, 72, 38, 0, 2.39%, 0, 0, 3, 0.04, 2366953, 11072
25910, 6, 49, 72, 38, 0, 2.39%, 0, 0, 3, 6714.87, 2374875, 11072
26964, 6, 49, 72, 38, 0, 2.39%, 0, 0, 3, 0.76, 2375676, 11072
26969, 6, 26, 72, 38, 0, 2.39%, 0, 0, 3, 3259.63, 2391799, 11072
27987, 6, 26, 72, 38, 0, 2.39%, 0, 0, 3, 0.06, 2391862, 11072
29011, 6, 49, 72, 38, 0, 2.39%, 0, 0, 3, 0.07, 2399423, 11072
29016, 6, 49, 72, 38, 0, 2.39%, 0, 0, 3, 537.64, 2402217, 11072
29503, 6, 49, 72, 38, 0, 2.39%, 0, 0, 3, 0.10, 2402267, 11072
29508, 6, 49, 72, 38, 0, 2.39%, 0, 0, 3, 5371.09, 2407277, 11072
29513, 6, 49, 72, 38, 0, 2.39%, 0, 0, 3, 2063.20, 2413604, 11072
30545, 6, 49, 72, 38, 0, 2.39%, 0, 0, 3, 0.11, 2420023, 11072
30550, 6, 49, 72, 38, 0, 2.39%, 0, 0, 3, 1456.39, 2426717, 11072
31456, 6, 49, 72, 38, 0, 2.39%, 0, 0, 3, 0.40, 2427083, 11072
32513, 6, 49, 72, 38, 0, 2.39%, 0, 0, 3, 0.31, 2441847, 11072
33470, 6, 49, 72, 38, 0, 2.39%, 0, 0, 3, 0.38, 2449687, 11072
33475, 6, 49, 72, 38, 0, 2.39%, 0, 0, 3, 1376.63, 2454966, 11072
34643, 6, 65, 72, 38, 0, 2.39%, 0, 0, 3, 0.07, 2455048, 11072
34648, 6, 65, 72, 38, 0, 2.39%, 0, 0, 3, 421.39, 2470846, 11072
35608, 6, 65, 72, 38, 0, 2.39%, 0, 0, 3, 0.42, 2471251, 11072
36526, 6, 49, 72, 38, 0, 2.39%, 0, 0, 3, 0.13, 2478736, 11072
36531, 6, 49, 72, 38, 0, 2.39%, 0, 0, 3, 710.88, 2482526, 11072
37590, 6, 49, 72, 38, 0, 2.39%, 0, 0, 3, 0.06, 2482592, 11072
38656, 6, 49, 72, 38, 0, 2.39%, 0, 0, 3, 0.95, 2494288, 11072
39664, 6, 49, 72, 38, 0, 2.39%, 0, 0, 3, 0.07, 2501214, 11072
39669, 6, 49, 72, 38, 0, 2.39%, 0, 0, 3, 526.42, 2503900, 11072
40651, 6, 49, 72, 38, 0, 2.39%, 0, 0, 3, 0.02, 2503920, 11072
40656, 6, 49, 72, 38, 0, 2.39%, 0, 0, 3, 5961.94, 2513819, 11072
41829, 6, 49, 72, 38, 0, 2.39%, 0, 0, 3, 0.10, 2513939, 11072
41834, 6, 49, 72, 38, 0, 2.39%, 0, 0, 3, 744.87, 2522988, 11072
41839, 6, 49, 72, 38, 0, 2.39%, 0, 0, 3, 762.66, 2526802, 11072
41844, 6, 26, 72, 38, 0, 2.39%, 0, 0, 3, 5120.00, 2540212, 11072
41849, 6, 49, 72, 38, 0, 2.39%, 0, 0, 3, 2285.34, 2548531, 11072
41854, 6, 49, 72, 38, 0, 2.39%, 0, 0, 3, 5267.79, 2564325, 11072
42889, 6, 49, 72, 38, 0, 2.39%, 0, 0, 3, 0.06, 2564595, 11072
42894, 6, 49, 72, 38, 0, 2.39%, 0, 0, 3, 519.84, 2567365, 11072
43964, 6, 49, 72, 38, 0, 2.39%, 0, 0, 3, 0.05, 2567415, 11072
43969, 6, 49, 72, 38, 0, 2.39%, 0, 0, 3, 559.03, 2570298, 11072
45018, 6, 49, 72, 38, 0, 2.39%, 0, 0, 3, 0.03, 2570331, 11072
45023, 6, 49, 72, 38, 0, 2.39%, 0, 0, 3, 1220.66, 2582823, 11072
46017, 6, 49, 72, 38, 0, 2.39%, 0, 0, 3, 0.10, 2582919, 11072
46022, 6, 49, 72, 38, 0, 2.39%, 0, 0, 3, 1532.44, 2590218, 11072
47054, 6, 49, 72, 38, 0, 2.39%, 0, 0, 3, 0.02, 2590235, 11072
47059, 6, 49, 72, 37, 0, 2.39%, 0, 0, 3, 1870.55, 2600658, 11072
48133, 6, 49, 72, 37, 0, 2.39%, 0, 0, 3, 0.05, 2600714, 11072
49053, 6, 49, 72, 37, 0, 2.39%, 0, 0, 3, 0.11, 2606422, 11072
49596, 6, 49, 72, 37, 0, 2.39%, 0, 0, 3, 0.24, 2611849, 11072
49601, 6, 26, 72, 37, 0, 2.39%, 0, 0, 3, 5392.20, 2624534, 11072
50513, 6, 49, 72, 37, 0, 2.39%, 0, 0, 3, 0.05, 2627166, 11072
50518, 6, 49, 72, 37, 0, 2.39%, 0, 0, 3, 527.53, 2629875, 11072
51587, 6, 49, 72, 37, 0, 2.39%, 0, 0, 3, 0.04, 2629915, 11072
51675, 6, 49, 72, 37, 0, 2.39%, 0, 0, 3, 11.67, 2633545, 11072
51680, 6, 49, 72, 37, 0, 2.39%, 0, 0, 3, 538.19, 2645985, 11072
52720, 6, 49, 72, 37, 0, 2.39%, 0, 0, 3, 0.12, 2648305, 11072
53654, 6, 49, 72, 37, 0, 2.39%, 0, 0, 3, 0.05, 2650995, 11072
54643, 6, 65, 72, 37, 0, 2.39%, 0, 0, 3, 0.34, 2662212, 11072
54648, 6, 49, 72, 37, 0, 2.39%, 0, 0, 3, 1060.16, 2670368, 11072
55599, 6, 49, 72, 37, 0, 2.39%, 0, 0, 3, 0.05, 2670419, 11072
56575, 6, 49, 72, 37, 0, 2.39%, 0, 0, 3, 0.05, 2680768, 11072
57537, 6, 65, 72, 37, 0, 2.39%, 0, 0, 3, 0.78, 2694215, 11072
57542, 6, 49, 72, 37, 0, 2.39%, 0, 0, 3, 1944.35, 2704339, 11072
58506, 6, 49, 72, 37, 0, 2.39%, 0, 0, 3, 0.07, 2704405, 11072
58511, 6, 49, 72, 37, 0, 2.39%, 0, 0, 3, 693.89, 2715378, 11072
58936, 6, 49, 72, 37, 0, 2.39%, 0, 0, 3, 0.54, 2715606, 11072
58941, 6, 49, 72, 37, 0, 2.39%, 0, 0, 3, 1115.79, 2723293, 11072
59842, 6, 49, 72, 37, 0, 2.39%, 0, 0, 3, 0.06, 2727339, 11072
60800, 6, 49, 72, 37, 0, 2.39%, 0, 0, 3, 0.20, 2738798, 11072
60805, 6, 49, 72, 37, 0, 2.39%, 0, 0, 3, 1187.59, 2744893, 11072
61741, 6, 49, 72, 37, 0, 2.39%, 0, 0, 3, 0.98, 2745813, 11072
61746, 6, 49, 72, 37, 0, 2.39%, 0, 0, 3, 2790.71, 2758162, 11072
62597, 6, 49, 72, 37, 0, 2.39%, 0, 0, 3, 0.07, 2758225, 11072
62602, 6, 49, 72, 37, 0, 2.39%, 0, 0, 3, 6160.10, 2769728, 11072
62609, 6, 49, 72, 37, 0, 2.39%, 0, 0, 3, 30.82, 2775094, 11072
62614, 6, 49, 72, 37, 0, 2.39%, 0, 0, 3, 1134.76, 2780926, 11072
63678, 6, 49, 72, 37, 0, 2.39%, 0, 0, 3, 0.25, 2791519, 11072
64620, 6, 49, 72, 37, 0, 2.39%, 0, 0, 3, 0.09, 2798786, 11072
65698, 6, 25, 72, 37, 0, 2.39%, 0, 0, 3, 0.33, 2813453, 11072
66084, 6, 49, 72, 36, 0, 2.39%, 0, 0, 3, 1.08, 2828172, 11072
66089, 6, 49, 72, 36, 0, 2.39%, 0, 0, 3, 2306.00, 2841173, 11072
66258, 6, 49, 72, 36, 0, 2.39%, 0, 0, 3, 1.97, 2845688, 11072
66263, 6, 49, 72, 36, 0, 2.39%, 0, 0, 3, 4752.72, 2852413, 11072
67202, 6, 49, 72, 36, 0, 2.39%, 0, 0, 3, 0.05, 2859413, 11072
68145, 6, 49, 72, 36, 0, 2.39%, 0, 0, 3, 0.33, 2869424, 11072
69102, 6, 49, 72, 36, 0, 2.39%, 0, 0, 3, 0.12, 2879926, 11072
69919, 6, 49, 72, 36, 0, 2.39%, 0, 0, 3, 0.14, 2885301, 11072
69924, 6, 49, 72, 36, 0, 2.39%, 0, 0, 3, 1682.87, 2893734, 11072
70930, 6, 49, 72, 36, 0, 2.39%, 0, 0, 3, 0.17, 2898883, 11072
71913, 6, 49, 72, 36, 0, 2.39%, 0, 0, 3, 0.11, 2906750, 11072
71918, 6, 49, 72, 36, 0, 2.39%, 0, 0, 3, 1431.76, 2915468, 11072
72877, 6, 49, 72, 36, 0, 2.39%, 0, 0, 3, 0.03, 2915492, 11072
72882, 6, 49, 72, 36, 0, 2.39%, 0, 0, 3, 491.99, 2917899, 11072
73580, 6, 49, 72, 36, 0, 2.39%, 0, 0, 3, 0.05, 2917935, 11072
73585, 6, 49, 72, 36, 0, 2.39%, 0, 0, 3, 480.61, 2920437, 11072
74518, 6, 49, 72, 36, 0, 2.39%, 0, 0, 3, 0.11, 2921652, 11072
74523, 6, 49, 72, 36, 0, 2.39%, 0, 0, 3, 5651.08, 2934805, 11072
75510, 6, 49, 72, 36, 0, 2.39%, 0, 0, 3, 0.19, 2934995, 11072
76544, 6, 49, 72, 36, 0, 2.39%, 0, 0, 3, 0.09, 2945608, 11072
77241, 7, 49, 72, 36, 0, 2.39%, 0, 0, 3, 0.35, 2954140, 11072
77246, 7, 49, 72, 36, 0, 2.39%, 0, 0, 3, 1470.72, 2961702, 11072
78246, 7, 49, 72, 36, 0, 2.39%, 0, 0, 3, 0.47, 2966148, 11072
78251, 7, 49, 72, 36, 0, 2.39%, 0, 0, 3, 1089.17, 2970806, 11072
79177, 7, 49, 72, 36, 0, 2.39%, 0, 0, 3, 0.03, 2970838, 11072
79182, 7, 49, 72, 36, 0, 2.39%, 0, 0, 3, 4774.28, 2976652, 11072
80108, 7, 49, 72, 36, 0, 2.39%, 0, 0, 3, 0.04, 2982027, 11072
80902, 7, 49, 72, 36, 0, 2.39%, 0, 0, 3, 0.49, 2993462, 11072
80907, 7, 49, 72, 36, 0, 2.39%, 0, 0, 3, 358.17, 3007876, 11072
80912, 7, 49, 72, 36, 0, 2.39%, 0, 0, 3, 632.85, 3011486, 11072
81813, 7, 49, 72, 36, 0, 2.39%, 0, 0, 3, 0.12, 3012458, 11072
82803, 7, 49, 72, 36, 0, 2.39%, 0, 0, 3, 0.29, 3026178, 11072
82808, 7, 49, 72, 36, 0, 2.39%, 0, 0, 3, 499.23, 3038921, 11072
83741, 7, 49, 72, 36, 0, 2.39%, 0, 0, 3, 0.04, 3038957, 11072
84563, 7, 49, 72, 36, 0, 2.39%, 0, 0, 3, 0.08, 3050243, 11072
84568, 7, 49, 72, 36, 0, 2.39%, 0, 0, 3, 508.98, 3052885, 11072
85542, 7, 49, 72, 36, 0, 2.39%, 0, 0, 3, 0.05, 3054035, 11072
86595, 7, 49, 72, 36, 0, 2.39%, 0, 0, 3, 0.11, 3063815, 11072
87553, 7, 49, 72, 36, 0, 2.39%, 0, 0, 3, 0.07, 3069285, 11072
87558, 7, 49, 72, 36, 0, 2.39%, 0, 0, 3, 521.35, 3071915, 11072
88224, 7, 49, 72, 36, 0, 2.39%, 0, 0, 3, 0.06, 3071955, 11072
88229, 7, 49, 72, 36, 0, 2.39%, 0, 0, 3, 5726.05, 3082319, 11072
88357, 7, 65, 72, 36, 0, 2.39%, 0, 0, 3, 1.54, 3093787, 11072
88362, 7, 49, 72, 35, 0, 2.39%, 0, 0, 3, 840.26, 3100332, 11072
89338, 7, 49, 72, 35, 0, 2.39%, 0, 0, 3, 0.03, 3101530, 11072
89343, 7, 49, 72, 35, 0, 2.39%, 0, 0, 3, 472.61, 3103947, 11072
90358, 7, 49, 72, 35, 0, 2.39%, 0, 0, 3, 0.04, 3103983, 11072
90363, 7, 26, 72, 35, 0, 2.39%, 0, 0, 3, 4638.13, 3119789, 11072
91411, 7, 26, 72, 35, 0, 2.39%, 0, 0, 3, 0.15, 3119951, 11072
91885, 7, 49, 72, 35, 0, 2.39%, 0, 0, 3, 0.90, 3134818, 11072
91890, 7, 49, 72, 35, 0, 2.39%, 0, 0, 3, 2855.68, 3147929, 11072
91895, 7, 49, 72, 35, 0, 2.39%, 0, 0, 3, 454.39, 3150511, 11072
91900, 7, 49, 72, 35, 0, 2.39%, 0, 0, 3, 507.42, 3153191, 11072
92806, 7, 49, 72, 35, 0, 2.39%, 0, 0, 3, 0.08, 3154161, 11072
93875, 7, 49, 72, 35, 0, 2.39%, 0, 0, 3, 0.01, 3155872, 11072
93880, 7, 49, 72, 35, 0, 2.39%, 0, 0, 3, 166.54, 3161916, 11072
94838, 7, 49, 72, 35, 0, 2.39%, 0, 0, 3, 0.03, 3161943, 11072
94843, 7, 65, 72, 35, 0, 2.39%, 0, 0, 3, 3462.46, 3167064, 11072
95546, 7, 65, 72, 35, 0, 2.39%, 0, 0, 3, 0.16, 3167178, 11072
95551, 7, 49, 72, 35, 0, 2.39%, 0, 0, 3, 1137.37, 3173821, 11072
96518, 7, 49, 72, 35, 0, 2.39%, 0, 0, 3, 0.10, 3174831, 11072
96523, 7, 49, 72, 35, 0, 2.39%, 0, 0, 3, 508.87, 3177420, 11072
97453, 7, 49, 72, 35, 0, 2.39%, 0, 0, 3, 0.06, 3177480, 11072
98486, 7, 49, 72, 35, 0, 2.39%, 0, 0, 3, 1.06, 3188440, 11072
98491, 7, 49, 72, 35, 0, 2.39%, 0, 0, 3, 489.32, 3191952, 11072
99207, 7, 49, 72, 35, 0, 2.39%, 0, 0, 3, 0.13, 3192042, 11072
99212, 7, 49, 72, 35, 0, 2.39%, 0, 0, 3, 484.71, 3194706, 11072
100181, 7, 49, 72, 35, 0, 2.39%, 0, 0, 3, 0.07, 3195750, 11072
101211, 7, 49, 72, 35, 0, 2.39%, 0, 0, 3, 0.71, 3204239, 11072
102261, 7, 49, 72, 35, 0, 2.39%, 0, 0, 3, 0.77, 3215220, 11072
102868, 7, 65, 72, 35, 0, 2.39%, 0, 0, 3, 0.92, 3226346, 11072
102873, 7, 49, 72, 35, 0, 2.39%, 0, 0, 3, 1232.07, 3232610, 11072
103924, 7, 49, 72, 35, 0, 2.39%, 0, 0, 3, 0.02, 3233919, 11072
104904, 7, 49, 72, 35, 0, 2.39%, 0, 0, 3, 0.09, 3236373, 11072
105885, 7, 26, 72, 35, 0, 2.39%, 0, 0, 3, 0.79, 3249972, 11072
105890, 7, 49, 72, 34, 0, 2.39%, 0, 0, 3, 756.56, 3265902, 11072
106529, 7, 49, 72, 34, 0, 2.39%, 0, 0, 3, 0.05, 3265932, 11072
106534, 7, 49, 72, 34, 0, 2.39%, 0, 0, 3, 677.52, 3269701, 11072
107517, 7, 49, 72, 34, 0, 2.39%, 0, 0, 3, 0.13, 3271332, 11072
107522, 7, 49, 72, 34, 0, 2.39%, 0, 0, 3, 1911.08, 3282877, 11072
108556, 7, 49, 72, 34, 0, 2.39%, 0, 0, 3, 0.08, 3282956, 11072
108757, 7, 49, 72, 34, 0, 2.39%, 0, 0, 3, 0.65, 3289914, 11072
108762, 7, 49, 72, 34, 0, 2.39%, 0, 0, 3, 736.00, 3293764, 11072
109808, 7, 49, 72, 34, 0, 2.39%, 0, 0, 3, 0.12, 3296466, 11072
110729, 7, 43, 72, 33, 0, 2.39%, 0, 0, 3, 0.33, 3305866, 11072
111636, 7, 49, 72, 32, 0, 2.39%, 0, 0, 3, 0.13, 3311687, 11072
112704, 7, 49, 72, 32, 0, 2.39%, 0, 0, 3, 0.47, 3317217, 11072
113682, 7, 49, 72, 32, 0, 2.39%, 0, 0, 3, 0.29, 3330142, 11072
114682, 7, 49, 72, 32, 0, 2.39%, 0, 0, 3, 0.12, 3337670, 11072
115743, 7, 49, 72, 32, 0, 2.39%, 0, 0, 3, 0.10, 3347334, 11072
116767, 7, 49, 72, 32, 0, 2.39%, 0, 0, 3, 0.05, 3351099, 11072
117695, 7, 49, 72, 32, 0, 2.39%, 0, 0, 3, 0.10, 3355357, 11072
118763, 7, 49, 72, 32, 0, 2.39%, 0, 0, 3, 0.26, 3369593, 11072
118768, 7, 49, 72, 32, 0, 2.39%, 0, 0, 3, 647.24, 3373190, 11072
119794, 7, 49, 72, 32, 0, 2.39%, 0, 0, 3, 0.07, 3373262, 11072
120831, 7, 49, 72, 32, 0, 2.39%, 0, 0, 3, 0.08, 3380272, 11072
120836, 7, 25, 72, 31, 0, 2.39%, 0, 0, 3, 4586.83, 3392382, 11072
121752, 7, 25, 72, 31, 0, 2.39%, 0, 0, 3, 0.20, 3392561, 11072
122756, 7, 26, 72, 31, 0, 2.39%, 0, 0, 3, 0.66, 3410297, 11072
122761, 7, 49, 72, 31, 0, 2.39%, 0, 0, 3, 2722.56, 3422590, 11072
123797, 7, 49, 72, 31, 0, 2.39%, 0, 0, 3, 0.69, 3423310, 11072
123802, 7, 49, 72, 31, 0, 2.39%, 0, 0, 3, 530.95, 3432312, 11072
124701, 7, 49, 72, 31, 0, 2.39%, 0, 0, 3, 0.04, 3432352, 11072
125706, 7, 49, 72, 31, 0, 2.39%, 0, 0, 3, 0.07, 3435122, 11072
126681, 7, 49, 72, 31, 0, 2.39%, 0, 0, 3, 0.13, 3442851, 11072
128330, 7, 49, 72, 31, 0, 2.39%, 0, 0, 3, 0.02, 3450004, 11072
129278, 7, 49, 72, 31, 0, 2.39%, 0, 0, 3, 0.23, 3457164, 11072
130360, 7, 49, 72, 31, 0, 2.39%, 0, 0, 3, 0.12, 3466620, 11072
130365, 7, 49, 72, 31, 0, 2.39%, 0, 0, 3, 1187.46, 3472707, 11072
131392, 7, 49, 72, 31, 0, 2.39%, 0, 0, 3, 0.07, 3472776, 11072
132463, 7, 49, 72, 31, 0, 2.39%, 0, 0, 3, 0.05, 3484779, 11072
133431, 7, 49, 72, 31, 0, 2.39%, 0, 0, 3, 0.11, 3487449, 11072
133436, 7, 49, 72, 31, 0, 2.39%, 0, 0, 3, 3193.28, 3493194, 11072
134458, 7, 49, 72, 31, 0, 2.39%, 0, 0, 3, 0.26, 3493458, 11072
134463, 7, 49, 72, 31, 0, 2.39%, 0, 0, 3, 838.48, 3501452, 11072
135470, 7, 49, 72, 31, 0, 2.39%, 0, 0, 3, 0.10, 3504868, 11072
135475, 7, 49, 72, 31, 0, 2.39%, 0, 0, 3, 1811.22, 3516556, 11072
136464, 7, 49, 72, 31, 0, 2.39%, 0, 0, 3, 0.46, 3517008, 11072
137420, 7, 49, 72, 31, 0, 2.39%, 0, 0, 3, 0.44, 3529132, 11072
137425, 7, 26, 72, 31, 0, 2.39%, 0, 0, 3, 5164.90, 3540811, 11072
138337, 7, 26, 72, 31, 0, 2.39%, 0, 0, 3, 0.11, 3540907, 11072
138342, 8, 49, 72, 31, 0, 2.39%, 0, 0, 3, 384.31, 3552357, 11072
139379, 8, 49, 72, 31, 0, 2.39%, 0, 0, 3, 0.01, 3554347, 11072
140323, 8, 49, 72, 31, 0, 2.39%, 0, 0, 3, 0.33, 3558841, 11072
140328, 8, 49, 72, 31, 0, 2.39%, 0, 0, 3, 375.60, 3567935, 11072
141332, 8, 49, 72, 31, 0, 2.39%, 0, 0, 3, 0.01, 3567942, 11072
141337, 8, 49, 72, 31, 0, 2.39%, 0, 0, 3, 507.15, 3570579, 11072
141719, 8, 49, 72, 31, 0, 2.39%, 0, 0, 3, 0.03, 3570589, 11072
141724, 8, 49, 72, 31, 0, 2.39%, 0, 0, 3, 490.29, 3573398, 11072
142760, 8, 49, 72, 31, 0, 2.39%, 0, 0, 3, 0.68, 3578094, 11072
143770, 8, 49, 72, 31, 0, 2.39%, 0, 0, 3, 0.37, 3585244, 11072
143775, 8, 49, 72, 31, 0, 2.39%, 0, 0, 3, 2094.30, 3596564, 11072
144767, 8, 49, 72, 31, 0, 2.39%, 0, 0, 3, 0.06, 3596622, 11072
144772, 8, 49, 72, 31, 0, 2.39%, 0, 0, 3, 2253.68, 3610059, 11072
144797, 8, 49, 72, 31, 0, 2.39%, 0, 0, 3, 1.43, 3610095, 11072
144802, 8, 49, 72, 31, 0, 2.39%, 0, 0, 3, 702.05, 3614040, 11072
144807, 8, 49, 72, 31, 0, 2.39%, 0, 0, 3, 896.55, 3620686, 11072
144812, 8, 49, 72, 31, 0, 2.39%, 0, 0, 3, 4283.18, 3631502, 11072
145380, 8, 49, 72, 31, 0, 2.39%, 0, 0, 3, 0.49, 3631780, 11072
145385, 8, 49, 72, 31, 0, 2.39%, 0, 0, 3, 1702.12, 3640235, 11072
146328, 8, 65, 72, 31, 0, 2.39%, 0, 0, 3, 0.06, 3645810, 11072
147140, 8, 49, 72, 31, 0, 2.39%, 0, 0, 3, 0.19, 3659630, 11072
147145, 8, 49, 72, 31, 0, 2.39%, 0, 0, 3, 674.44, 3663304, 11072
147195, 8, 49, 72, 31, 0, 2.39%, 0, 0, 3, 1.74, 3664544, 11072
147200, 8, 49, 72, 31, 0, 2.39%, 0, 0, 3, 833.70, 3669947, 11072
147340, 8, 49, 72, 31, 0, 2.39%, 0, 0, 3, 0.94, 3673843, 11072
147345, 8, 49, 72, 31, 0, 2.39%, 0, 0, 3, 563.09, 3679306, 11072
147350, 8, 49, 72, 31, 0, 2.39%, 0, 0, 3, 517.48, 3681864, 11072
147474, 8, 49, 72, 31, 0, 2.39%, 0, 0, 3, 0.57, 3682114, 11072
147479, 8, 49, 72, 31, 0, 2.39%, 0, 0, 3, 874.15, 3689010, 11072
147484, 8, 65, 72, 31, 0, 2.39%, 0, 0, 3, 1938.37, 3703062, 11072
147489, 8, 49, 72, 31, 0, 2.39%, 0, 0, 3, 1046.22, 3707315, 11072
147494, 8, 49, 72, 31, 0, 2.39%, 0, 0, 3, 6491.58, 3713090, 11072
147499, 8, 49, 72, 31, 0, 2.39%, 0, 0, 3, 715.42, 3725828, 11072
147504, 8, 49, 72, 31, 0, 2.39%, 0, 0, 3, 728.82, 3729482, 11072
147510, 8, 49, 72, 31, 0, 2.39%, 0, 0, 3, 940.02, 3735596, 11072
147515, 8, 49, 72, 31, 0, 2.39%, 0, 0, 3, 1663.40, 3744480, 11072
147520, 8, 49, 72, 31, 0, 2.39%, 0, 0, 3, 934.85, 3748190, 11072
147525, 8, 65, 72, 31, 0, 2.39%, 0, 0, 3, 598.18, 3761778, 11072
147530, 8, 49, 72, 31, 0, 2.39%, 0, 0, 3, 2686.52, 3770295, 11072
147535, 8, 49, 72, 31, 0, 2.39%, 0, 0, 3, 3286.84, 3780867, 11072
147540, 8, 26, 72, 31, 0, 2.39%, 0, 0, 3, 743.78, 3785307, 11072
147545, 8, 49, 72, 31, 0, 2.39%, 0, 0, 3, 1301.96, 3793966, 11072
147550, 8, 49, 72, 31, 0, 2.39%, 0, 0, 3, 2010.13, 3802598, 11072
147555, 8, 65, 72, 31, 0, 2.39%, 0, 0, 3, 4297.30, 3814106, 11072
147561, 8, 49, 72, 31, 0, 2.39%, 0, 0, 3, 384.20, 3815793, 11072
147566, 8, 49, 72, 31, 0, 2.39%, 0, 0, 3, 450.55, 3818200, 11072
147571, 8, 49, 72, 31, 0, 2.39%, 0, 0, 3, 624.46, 3821141, 11072
147576, 8, 49, 72, 31, 0, 2.39%, 0, 0, 3, 4474.02, 3834041, 11072
147581, 8, 49, 72, 31, 0, 2.39%, 0, 0, 3, 544.19, 3842940, 11072
147586, 8, 65, 72, 30, 0, 2.39%, 0, 0, 3, 2363.63, 3857624, 11072
147591, 8, 65, 72, 30, 0, 2.39%, 0, 0, 3, 2788.71, 3871671, 11072
147596, 8, 49, 72, 30, 0, 2.39%, 0, 0, 3, 535.15, 3876024, 11072
147601, 8, 49, 72, 30, 0, 2.39%, 0, 0, 3, 532.20, 3878694, 11072
147606, 8, 49, 72, 30, 0, 2.39%, 0, 0, 3, 866.24, 3885358, 11072
147611, 8, 49, 72, 30, 0, 2.39%, 0, 0, 3, 1737.17, 3897294, 11072
147617, 8, 49, 72, 30, 0, 2.39%, 0, 0, 3, 816.04, 3900086, 11072
147622, 8, 49, 72, 30, 0, 2.39%, 0, 0, 3, 576.92, 3902655, 11072
147627, 8, 49, 72, 30, 0, 2.39%, 0, 0, 3, 3614.92, 3912953, 11072
147632, 8, 49, 72, 29, 0, 2.39%, 0, 0, 3, 2843.34, 3926656, 11072
147637, 8, 49, 72, 29, 0, 2.39%, 0, 0, 3, 498.53, 3937758, 11072
147642, 8, 49, 72, 29, 0, 2.39%, 0, 0, 3, 520.48, 3940508, 11072
147647, 8, 49, 72, 29, 0, 2.39%, 0, 0, 3, 697.66, 3943842, 11072
147652, 8, 49, 72, 29, 0, 2.39%, 0, 0, 3, 702.90, 3947810, 11072
147657, 8, 49, 72, 29, 0, 2.39%, 0, 0, 3, 559.34, 3955268, 11072
147662, 8, 49, 72, 29, 0, 2.39%, 0, 0, 3, 594.73, 3958511, 11072
147667, 8, 49, 72, 29, 0, 2.39%, 0, 0, 3, 1133.78, 3963964, 11072
147673, 8, 49, 72, 29, 0, 2.39%, 0, 0, 3, 1574.30, 3972948, 11072
147678, 8, 49, 72, 29, 0, 2.39%, 0, 0, 3, 977.91, 3977183, 11072
147683, 8, 49, 72, 29, 0, 2.39%, 0, 0, 3, 1972.36, 3985308, 11072
147688, 8, 49, 72, 29, 0, 2.39%, 0, 0, 3, 499.60, 3993497, 11072
147693, 8, 49, 72, 29, 0, 2.39%, 0, 0, 3, 515.00, 3996163, 11072
147698, 8, 49, 72, 29, 0, 2.39%, 0, 0, 3, 474.84, 4002376, 11072
147703, 8, 49, 72, 28, 0, 2.39%, 0, 0, 3, 4222.01, 4014438, 11072
147708, 8, 49, 72, 28, 0, 2.39%, 0, 0, 3, 580.96, 4017323, 11072
147714, 8, 49, 72, 28, 0, 2.39%, 0, 0, 3, 576.40, 4020216, 11072
147719, 8, 49, 72, 28, 0, 2.39%, 0, 0, 3, 4579.36, 4032681, 11072
147724, 8, 49, 72, 28, 0, 2.39%, 0, 0, 3, 570.53, 4041545, 11072
147729, 8, 49, 72, 28, 0, 2.39%, 0, 0, 3, 1167.01, 4054071, 11072
147734, 8, 49, 72, 28, 0, 2.39%, 0, 0, 3, 2029.61, 4064963, 11072
147739, 8, 49, 72, 28, 0, 2.39%, 0, 0, 3, 606.18, 4078560, 11072
147744, 8, 49, 72, 28, 0, 2.39%, 0, 0, 3, 564.81, 4081288, 11072
147749, 8, 49, 72, 28, 0, 2.39%, 0, 0, 3, 541.51, 4084044, 11072
147754, 8, 49, 72, 28, 0, 2.39%, 0, 0, 3, 3988.94, 4096644, 11072
147759, 8, 49, 72, 28, 0, 2.39%, 0, 0, 3, 1830.86, 4102669, 11072
147765, 8, 49, 72, 28, 0, 2.39%, 0, 0, 3, 1948.44, 4114844, 11072
147770, 8, 49, 72, 28, 0, 2.39%, 0, 0, 3, 487.82, 4117521, 11072
147775, 8, 49, 72, 28, 0, 2.39%, 0, 0, 3, 536.90, 4120234, 11072
147780, 8, 4, 72, 28, 0, 2.39%, 0, 0, 3, 6014.85, 4132979, 11072
147785, 8, 49, 72, 28, 0, 2.39%, 0, 0, 3, 1153.55, 4139397, 11072
147790, 8, 25, 72, 28, 0, 2.39%, 0, 0, 3, 1797.51, 4154353, 11072
147795, 8, 49, 72, 28, 0, 2.39%, 0, 0, 3, 3069.53, 4169534, 11072
147800, 8, 49, 72, 28, 0, 2.39%, 0, 0, 3, 1784.33, 4177886, 11072
147805, 8, 65, 72, 28, 0, 2.39%, 0, 0, 3, 2226.51, 4189242, 11072
147811, 8, 49, 72, 28, 0, 2.39%, 0, 0, 3, 1986.96, 4200670, 11072
147816, 8, 49, 72, 28, 0, 2.39%, 0, 0, 3, 2465.46, 4210928, 11072
147821, 8, 49, 72, 28, 0, 2.39%, 0, 0, 3, 1510.66, 4216932, 11072
147826, 8, 49, 72, 28, 0, 2.39%, 0, 0, 3, 905.96, 4220724, 11072
147831, 8, 49, 72, 28, 0, 2.39%, 0, 0, 3, 5095.42, 4233333, 11072
147836, 8, 49, 72, 28, 0, 2.39%, 0, 0, 3, 1401.37, 4240846, 11072
147841, 8, 49, 72, 28, 0, 2.39%, 0, 0, 3, 454.22, 4245782, 11072
147846, 8, 49, 72, 28, 0, 2.39%, 0, 0, 3, 3014.99, 4260595, 11072
147852, 8, 49, 72, 28, 0, 2.39%, 0, 0, 3, 2456.88, 4271470, 11072
147857, 8, 49, 72, 28, 0, 2.39%, 0, 0, 3, 1622.89, 4278807, 11072
147862, 8, 49, 72, 28, 0, 2.39%, 0, 0, 3, 968.92, 4282637, 11072
147867, 8, 49, 72, 28, 0, 2.39%, 0, 0, 3, 5819.93, 4293023, 11072
147872, 8, 49, 72, 28, 0, 2.39%, 0, 0, 3, 485.32, 4297186, 11072
147877, 8, 49, 72, 28, 0, 2.39%, 0, 0, 3, 535.82, 4299925, 11072
147882, 8, 49, 72, 28, 0, 2.39%, 0, 0, 3, 4787.74, 4307145, 11072
147887, 9, 49, 72, 28, 0, 2.39%, 0, 0, 3, 2478.80, 4318610, 11072
147892, 9, 49, 72, 28, 0, 2.39%, 0, 0, 3, 2397.22, 4329728, 11072
147897, 9, 49, 72, 28, 0, 2.39%, 0, 0, 3, 687.04, 4341257, 11072
147902, 9, 49, 72, 28, 0, 2.39%, 0, 0, 3, 2749.33, 4355490, 11072
147907, 9, 49, 72, 28, 0, 2.39%, 0, 0, 3, 444.50, 4358178, 11072
147913, 9, 49, 72, 28, 0, 2.39%, 0, 0, 3, 539.99, 4361060, 11072
147918, 9, 65, 72, 28, 0, 2.39%, 0, 0, 3, 2697.54, 4375231, 11072
147923, 9, 49, 72, 28, 0, 2.39%, 0, 0, 3, 3065.88, 4390000, 11072
147928, 9, 49, 72, 28, 0, 2.39%, 0, 0, 3, 1970.86, 4399540, 11072
147933, 9, 49, 72, 28, 0, 2.39%, 0, 0, 3, 2911.90, 4413616, 11072
147939, 9, 49, 72, 28, 0, 2.39%, 0, 0, 3, 4237.38, 4427150, 11072
147944, 9, 49, 72, 28, 0, 2.39%, 0, 0, 3, 706.22, 4434406, 11072
147949, 9, 49, 72, 28, 0, 2.39%, 0, 0, 3, 681.30, 4438020, 11072
147950, 9, 49, 72, 28, 0, 2.39%, 0, 0, 3, 3977.30, 4441700, 11072
