# relative_time, cycles_done, cur_item, corpus_count, pending_total, pending_favs, map_size, saved_crashes, saved_hangs, max_depth, execs_per_sec, total_execs, edges_found
61, 1, 39, 46, 23, 0, 2.29%, 0, 0, 6, 678.28, 102950, 10375
66, 1, 39, 46, 23, 0, 2.29%, 0, 0, 6, 781.31, 113356, 10375
71, 1, 39, 46, 23, 0, 2.29%, 0, 0, 6, 602.17, 116152, 10375
76, 1, 39, 47, 24, 0, 2.29%, 0, 0, 6, 600.00, 124691, 10385
81, 1, 39, 47, 24, 0, 2.29%, 0, 0, 6, 1508.64, 129323, 10385
86, 1, 39, 47, 24, 0, 2.29%, 0, 0, 6, 470.82, 136251, 10385
91, 2, 39, 47, 24, 0, 2.29%, 0, 0, 6, 957.99, 145138, 10385
96, 2, 39, 47, 24, 0, 2.29%, 0, 0, 6, 1362.28, 154021, 10385
102, 2, 39, 47, 24, 0, 2.29%, 0, 0, 6, 1635.46, 163594, 10385
107, 2, 39, 47, 24, 0, 2.29%, 0, 0, 6, 1272.05, 170814, 10385
112, 2, 29, 47, 24, 0, 2.29%, 0, 0, 6, 2017.32, 180174, 10385
117, 2, 39, 47, 24, 0, 2.29%, 0, 0, 6, 1978.20, 189335, 10385
122, 2, 39, 47, 24, 0, 2.29%, 0, 0, 6, 5293.32, 194713, 10385
127, 2, 39, 47, 23, 0, 2.29%, 0, 0, 6, 714.96, 201332, 10385
132, 2, 39, 47, 23, 0, 2.29%, 0, 0, 6, 1326.70, 211185, 10385
137, 2, 39, 47, 23, 0, 2.29%, 0, 0, 6, 751.80, 214128, 10385
142, 2, 39, 47, 23, 0, 2.29%, 0, 0, 6, 1152.43, 220237, 10385
148, 2, 39, 47, 22, 0, 2.29%, 0, 0, 6, 1071.06, 227447, 10385
153, 2, 39, 47, 22, 0, 2.29%, 0, 0, 6, 7739.23, 234709, 10385
158, 2, 39, 47, 22, 0, 2.29%, 0, 0, 6, 1122.05, 240710, 10385
163, 2, 39, 47, 22, 0, 2.29%, 0, 0, 6, 1614.00, 250873, 10385
168, 2, 39, 47, 22, 0, 2.29%, 0, 0, 6, 1485.55, 256531, 10385
173, 2, 39, 47, 22, 0, 2.29%, 0, 0, 6, 1666.11, 267546, 10385
178, 2, 39, 47, 22, 0, 2.29%, 0, 0, 6, 1476.35, 273618, 10385
184, 2, 39, 47, 21, 0, 2.29%, 0, 0, 6, 1067.82, 280263, 10385
189, 2, 39, 47, 21, 0, 2.29%, 0, 0, 6, 5652.97, 284681, 10385
194, 2, 39, 47, 21, 0, 2.29%, 0, 0, 6, 560.15, 292576, 10385
199, 2, 39, 47, 21, 0, 2.29%, 0, 0, 6, 551.58, 295396, 10385
204, 2, 39, 47, 21, 0, 2.29%, 0, 0, 6, 833.31, 308441, 10385
209, 2, 39, 47, 21, 0, 2.29%, 0, 0, 6, 6996.93, 316722, 10385
214, 3, 39, 47, 21, 0, 2.29%, 0, 0, 6, 804.29, 323443, 10385
219, 3, 39, 47, 21, 0, 2.29%, 0, 0, 6, 6047.29, 332397, 10385
225, 3, 39, 47, 21, 0, 2.29%, 0, 0, 6, 1469.50, 341019, 10385
230, 3, 39, 47, 19, 0, 2.29%, 0, 0, 6, 1901.88, 353800, 10385
235, 3, 39, 47, 19, 0, 2.29%, 0, 0, 6, 1969.22, 363347, 10385
240, 3, 39, 47, 19, 0, 2.29%, 0, 0, 6, 1010.55, 367967, 10385
245, 3, 39, 47, 19, 0, 2.29%, 0, 0, 6, 6117.68, 374480, 10385
250, 3, 39, 47, 19, 0, 2.29%, 0, 0, 6, 357.82, 383870, 10385
255, 3, 39, 47, 19, 0, 2.29%, 0, 0, 6, 494.09, 386627, 10385
260, 3, 39, 47, 19, 0, 2.29%, 0, 0, 6, 990.56, 393018, 10385
266, 3, 39, 47, 19, 0, 2.29%, 0, 0, 6, 4272.17, 403691, 10385
271, 3, 39, 47, 19, 0, 2.29%, 0, 0, 6, 783.78, 415104, 10385
276, 3, 39, 47, 19, 0, 2.29%, 0, 0, 6, 1605.77, 424257, 10385
281, 3, 39, 47, 19, 0, 2.29%, 0, 0, 6, 1741.89, 433577, 10385
286, 3, 39, 47, 19, 0, 2.29%, 0, 0, 6, 1871.42, 441164, 10385
291, 3, 39, 47, 19, 0, 2.29%, 0, 0, 6, 497.96, 450796, 10385
296, 3, 39, 47, 19, 0, 2.29%, 0, 0, 6, 500.96, 453370, 10385
301, 4, 39, 47, 19, 0, 2.29%, 0, 0, 6, 721.04, 466956, 10385
307, 4, 39, 47, 19, 0, 2.29%, 0, 0, 6, 744.18, 470778, 10385
312, 4, 39, 47, 19, 0, 2.29%, 0, 0, 6, 2030.10, 482055, 10385
317, 4, 39, 47, 19, 0, 2.29%, 0, 0, 6, 2602.22, 492593, 10385
322, 4, 39, 47, 19, 0, 2.29%, 0, 0, 6, 496.83, 497325, 10385
327, 4, 39, 47, 19, 0, 2.29%, 0, 0, 6, 508.78, 499895, 10385
332, 4, 39, 47, 18, 0, 2.29%, 0, 0, 6, 586.45, 512658, 10385
337, 4, 39, 47, 18, 0, 2.29%, 0, 0, 6, 551.11, 515408, 10385
342, 4, 39, 47, 18, 0, 2.29%, 0, 0, 6, 4948.34, 523229, 10385
347, 4, 39, 47, 17, 0, 2.29%, 0, 0, 6, 2686.98, 529458, 10385
352, 4, 39, 47, 17, 0, 2.29%, 0, 0, 6, 2821.70, 540804, 10385
358, 4, 39, 47, 17, 0, 2.29%, 0, 0, 6, 1100.90, 543726, 10385
363, 4, 39, 47, 17, 0, 2.29%, 0, 0, 6, 5035.23, 547603, 10385
368, 4, 39, 47, 17, 0, 2.29%, 0, 0, 6, 3926.79, 558730, 10385
373, 4, 39, 47, 16, 0, 2.29%, 0, 0, 6, 3771.81, 577390, 10385
378, 4, 39, 47, 16, 0, 2.29%, 0, 0, 6, 2999.67, 588936, 10385
383, 4, 39, 47, 16, 0, 2.29%, 0, 0, 6, 1892.44, 598892, 10385
388, 4, 39, 47, 16, 0, 2.29%, 0, 0, 6, 1615.11, 607920, 10385
393, 4, 39, 47, 16, 0, 2.29%, 0, 0, 6, 980.98, 612936, 10385
398, 4, 39, 47, 16, 0, 2.29%, 0, 0, 6, 628.17, 615692, 10385
403, 4, 39, 47, 16, 0, 2.29%, 0, 0, 6, 554.86, 626984, 10385
408, 4, 39, 47, 16, 0, 2.29%, 0, 0, 6, 565.24, 629896, 10385
414, 4, 39, 47, 16, 0, 2.29%, 0, 0, 6, 555.12, 632724, 10385
419, 4, 39, 47, 16, 0, 2.29%, 0, 0, 6, 715.87, 644295, 10385
424, 4, 39, 47, 16, 0, 2.29%, 0, 0, 6, 699.74, 647745, 10385
429, 4, 39, 47, 16, 0, 2.29%, 0, 0, 6, 727.94, 652947, 10385
434, 4, 39, 47, 15, 0, 2.29%, 0, 0, 6, 1267.02, 663802, 10385
439, 4, 39, 47, 15, 0, 2.29%, 0, 0, 6, 1431.83, 670256, 10385
444, 5, 39, 47, 15, 0, 2.29%, 0, 0, 6, 1916.46, 680734, 10385
449, 5, 39, 47, 15, 0, 2.29%, 0, 0, 6, 859.10, 683515, 10385
455, 5, 39, 47, 15, 0, 2.29%, 0, 0, 6, 385.11, 687487, 10385
460, 5, 2, 47, 15, 0, 2.29%, 0, 0, 6, 5251.22, 698360, 10385
465, 5, 39, 47, 15, 0, 2.29%, 0, 0, 6, 3777.62, 711539, 10385
470, 5, 39, 47, 15, 0, 2.29%, 0, 0, 6, 529.97, 719216, 10385
475, 5, 39, 47, 15, 0, 2.29%, 0, 0, 6, 558.11, 722111, 10385
480, 5, 39, 47, 15, 0, 2.29%, 0, 0, 6, 604.29, 734585, 10385
485, 5, 39, 47, 15, 0, 2.29%, 0, 0, 6, 545.20, 737313, 10385
487, 5, 39, 47, 15, 0, 2.29%, 0, 0, 6, 553.27, 738258, 10385
548, 7, 41, 50, 33, 0, 2.29%, 0, 0, 2, 3691.07, 157490, 10385
553, 7, 25, 50, 33, 0, 2.29%, 0, 0, 2, 3278.21, 170782, 10385
558, 7, 44, 50, 33, 0, 2.29%, 0, 0, 2, 3109.66, 184168, 10385
563, 7, 13, 50, 33, 0, 2.29%, 0, 0, 2, 528.08, 200092, 10385
568, 7, 44, 50, 33, 0, 2.29%, 0, 0, 2, 3833.10, 216418, 10385
573, 7, 13, 50, 33, 0, 2.29%, 0, 0, 2, 758.61, 226043, 10385
578, 7, 13, 50, 33, 0, 2.29%, 0, 0, 2, 1026.15, 233183, 10385
584, 7, 46, 50, 33, 0, 2.29%, 0, 0, 2, 2537.58, 246837, 10385
589, 8, 13, 50, 33, 0, 2.29%, 0, 0, 2, 558.68, 259889, 10385
594, 8, 13, 50, 33, 0, 2.29%, 0, 0, 2, 3169.83, 266357, 10385
599, 8, 13, 50, 33, 0, 2.29%, 0, 0, 2, 849.00, 272493, 10385
604, 8, 13, 50, 33, 0, 2.29%, 0, 0, 2, 563.57, 277656, 10385
609, 8, 13, 50, 33, 0, 2.29%, 0, 0, 2, 506.33, 288710, 10385
614, 8, 13, 50, 33, 0, 2.29%, 0, 0, 2, 830.18, 299447, 10385
620, 8, 44, 50, 33, 0, 2.29%, 0, 0, 2, 2474.86, 313088, 10385
625, 8, 41, 50, 31, 0, 2.29%, 0, 0, 2, 5014.76, 331193, 10385
630, 8, 13, 50, 31, 0, 2.29%, 0, 0, 2, 2242.66, 340064, 10385
635, 8, 41, 50, 31, 0, 2.29%, 0, 0, 2, 2998.08, 355118, 10385
640, 8, 13, 50, 29, 0, 2.29%, 0, 0, 2, 2251.17, 365834, 10385
645, 8, 13, 50, 29, 0, 2.29%, 0, 0, 2, 1531.29, 374425, 10385
650, 8, 13, 50, 29, 0, 2.29%, 0, 0, 2, 763.83, 379959, 10385
655, 8, 44, 50, 29, 0, 2.29%, 0, 0, 2, 5896.47, 396622, 10385
660, 8, 13, 50, 29, 0, 2.29%, 0, 0, 2, 1467.30, 407034, 10385
665, 8, 13, 50, 29, 0, 2.29%, 0, 0, 2, 767.93, 410034, 10385
670, 8, 38, 50, 29, 0, 2.29%, 0, 0, 2, 5049.87, 424804, 10385
675, 8, 44, 50, 29, 0, 2.29%, 0, 0, 2, 5752.53, 440389, 10385
681, 8, 13, 50, 29, 0, 2.29%, 0, 0, 2, 4166.98, 453096, 10385
686, 8, 3, 50, 29, 0, 2.29%, 0, 0, 2, 3450.08, 465571, 10385
691, 8, 25, 50, 28, 0, 2.29%, 0, 0, 2, 797.67, 479199, 10385
696, 8, 41, 50, 27, 0, 2.29%, 0, 0, 2, 4780.09, 502509, 10385
701, 8, 13, 50, 27, 0, 2.29%, 0, 0, 2, 1194.76, 515754, 10385
706, 8, 13, 50, 27, 0, 2.29%, 0, 0, 2, 810.11, 519434, 10385
712, 8, 41, 50, 27, 0, 2.29%, 0, 0, 2, 633.66, 533213, 10385
717, 9, 38, 51, 27, 0, 2.29%, 0, 0, 2, 563.43, 549868, 10386
722, 9, 38, 51, 27, 0, 2.29%, 0, 0, 2, 627.79, 570301, 10386
727, 9, 25, 51, 27, 0, 2.29%, 0, 0, 2, 5291.86, 587985, 10386
732, 9, 17, 51, 27, 0, 2.29%, 0, 0, 2, 769.23, 603316, 10386
737, 9, 44, 51, 27, 0, 2.29%, 0, 0, 2, 4923.88, 625370, 10386
742, 9, 13, 51, 27, 0, 2.29%, 0, 0, 2, 568.09, 631692, 10386
747, 9, 13, 51, 27, 0, 2.29%, 0, 0, 2, 5155.66, 637789, 10386
752, 9, 25, 51, 27, 0, 2.29%, 0, 0, 2, 3476.01, 656892, 10386
758, 9, 45, 51, 27, 0, 2.29%, 0, 0, 2, 5717.81, 681319, 10386
763, 9, 38, 51, 26, 0, 2.29%, 0, 0, 2, 4879.82, 702549, 10386
768, 9, 13, 51, 26, 0, 2.29%, 0, 0, 2, 789.03, 712243, 10386
773, 9, 13, 51, 26, 0, 2.29%, 0, 0, 2, 787.16, 716068, 10386
778, 9, 41, 51, 26, 0, 2.29%, 0, 0, 2, 4067.07, 730386, 10386
783, 9, 38, 51, 26, 0, 2.29%, 0, 0, 2, 1326.84, 740491, 10386
788, 9, 38, 51, 25, 0, 2.29%, 0, 0, 2, 2448.47, 753882, 10386
793, 9, 13, 51, 25, 0, 2.29%, 0, 0, 2, 2251.61, 766093, 10386
799, 9, 38, 51, 25, 0, 2.29%, 0, 0, 2, 2611.39, 779487, 10386
804, 9, 17, 51, 25, 0, 2.29%, 0, 0, 2, 1467.00, 797611, 10386
809, 9, 25, 51, 25, 0, 2.29%, 0, 0, 2, 4674.89, 815271, 10386
814, 9, 21, 51, 24, 0, 2.29%, 0, 0, 2, 4882.25, 839194, 10386
819, 9, 17, 51, 24, 0, 2.29%, 0, 0, 2, 3621.71, 850235, 10386
824, 9, 13, 51, 24, 0, 2.29%, 0, 0, 2, 2478.18, 862623, 10386
829, 9, 13, 51, 23, 0, 2.29%, 0, 0, 2, 2461.99, 875668, 10386
834, 10, 13, 51, 23, 0, 2.29%, 0, 0, 2, 3242.33, 892690, 10386
839, 10, 13, 51, 23, 0, 2.29%, 0, 0, 2, 1334.30, 896387, 10386
845, 10, 13, 51, 23, 0, 2.29%, 0, 0, 2, 5475.49, 905258, 10386
850, 10, 13, 51, 23, 0, 2.29%, 0, 0, 2, 2504.79, 917718, 10386
855, 10, 45, 51, 23, 0, 2.29%, 0, 0, 2, 5430.48, 934995, 10386
860, 10, 24, 51, 23, 0, 2.29%, 0, 0, 2, 5303.50, 955223, 10386
865, 10, 17, 51, 22, 0, 2.29%, 0, 0, 2, 4685.74, 975959, 10386
870, 10, 41, 51, 22, 0, 2.29%, 0, 0, 2, 655.50, 991280, 10386
875, 10, 21, 51, 22, 0, 2.29%, 0, 0, 2, 4776.12, 1010813, 10386
880, 10, 13, 51, 22, 0, 2.29%, 0, 0, 2, 3782.72, 1028048, 10386
885, 10, 13, 51, 22, 0, 2.29%, 0, 0, 2, 1476.91, 1031903, 10386
891, 10, 17, 51, 22, 0, 2.29%, 0, 0, 2, 448.53, 1047356, 10386
896, 10, 44, 51, 22, 0, 2.29%, 0, 0, 2, 4794.99, 1064258, 10386
901, 10, 41, 51, 22, 0, 2.29%, 0, 0, 2, 4400.30, 1080345, 10386
906, 10, 25, 51, 22, 0, 2.29%, 0, 0, 2, 754.28, 1094127, 10386
911, 10, 13, 51, 22, 0, 2.29%, 0, 0, 2, 1355.92, 1101065, 10386
916, 10, 25, 51, 22, 0, 2.29%, 0, 0, 2, 3578.44, 1117742, 10386
921, 10, 41, 51, 22, 0, 2.29%, 0, 0, 2, 5432.84, 1129937, 10386
926, 10, 41, 51, 22, 0, 2.29%, 0, 0, 2, 4337.47, 1148958, 10386
931, 10, 17, 51, 22, 0, 2.29%, 0, 0, 2, 3733.81, 1172489, 10386
936, 10, 44, 51, 22, 0, 2.29%, 0, 0, 2, 5160.91, 1188987, 10386
942, 10, 13, 51, 22, 0, 2.29%, 0, 0, 2, 1435.99, 1202011, 10386
947, 10, 13, 51, 22, 0, 2.29%, 0, 0, 2, 2134.96, 1214789, 10386
952, 10, 13, 51, 22, 0, 2.29%, 0, 0, 2, 1641.98, 1221813, 10386
957, 10, 13, 51, 22, 0, 2.29%, 0, 0, 2, 2166.63, 1234238, 10386
962, 10, 13, 51, 22, 0, 2.29%, 0, 0, 2, 1067.33, 1237988, 10386
967, 10, 46, 51, 22, 0, 2.29%, 0, 0, 2, 3470.47, 1248659, 10386
972, 11, 17, 51, 22, 0, 2.29%, 0, 0, 2, 4043.03, 1272037, 10386
977, 11, 13, 51, 22, 0, 2.29%, 0, 0, 2, 958.78, 1288093, 10386
982, 11, 13, 51, 22, 0, 2.29%, 0, 0, 2, 2106.25, 1299857, 10386
988, 11, 13, 51, 22, 0, 2.29%, 0, 0, 2, 1165.13, 1305461, 10386
993, 11, 13, 51, 22, 0, 2.29%, 0, 0, 2, 704.13, 1309972, 10386
998, 11, 21, 51, 22, 0, 2.29%, 0, 0, 2, 663.27, 1323172, 10386
1003, 11, 25, 51, 22, 0, 2.29%, 0, 0, 2, 924.15, 1336672, 10386
1008, 11, 13, 51, 22, 0, 2.29%, 0, 0, 2, 5407.96, 1363109, 10386
1013, 11, 41, 51, 22, 0, 2.29%, 0, 0, 2, 3931.82, 1378549, 10386
1018, 11, 21, 51, 22, 0, 2.29%, 0, 0, 2, 1808.61, 1397428, 10386
1023, 11, 17, 51, 22, 0, 2.29%, 0, 0, 2, 2875.70, 1411068, 10386
1028, 11, 41, 51, 22, 0, 2.29%, 0, 0, 2, 2132.43, 1427676, 10386
1033, 11, 38, 51, 22, 0, 2.29%, 0, 0, 2, 4302.16, 1451441, 10386
1039, 11, 13, 51, 22, 0, 2.29%, 0, 0, 2, 2288.61, 1462149, 10386
1044, 11, 25, 51, 22, 0, 2.29%, 0, 0, 2, 2339.87, 1472622, 10386
1049, 11, 13, 51, 22, 0, 2.29%, 0, 0, 2, 1213.86, 1477648, 10386
1054, 11, 13, 51, 22, 0, 2.29%, 0, 0, 2, 5824.23, 1484621, 10386
1059, 11, 17, 51, 20, 0, 2.29%, 0, 0, 2, 3196.85, 1498787, 10386
1120, 13, 9, 63, 31, 0, 2.39%, 0, 0, 3, 2320.31, 1636457, 11072
1125, 13, 43, 63, 31, 0, 2.39%, 0, 0, 3, 3538.48, 1648986, 11072
1130, 13, 14, 63, 31, 0, 2.39%, 0, 0, 3, 3789.12, 1666079, 11072
1136, 13, 9, 63, 30, 0, 2.39%, 0, 0, 3, 2545.35, 1678841, 11072
1141, 13, 6, 63, 30, 0, 2.39%, 0, 0, 3, 3708.95, 1688506, 11072
1146, 13, 9, 63, 30, 0, 2.39%, 0, 0, 3, 3268.10, 1700948, 11072
1151, 13, 43, 63, 30, 0, 2.39%, 0, 0, 3, 4808.24, 1717450, 11072
1156, 13, 4, 63, 30, 0, 2.39%, 0, 0, 3, 1194.52, 1732649, 11072
1161, 13, 14, 63, 30, 0, 2.39%, 0, 0, 3, 2938.43, 1749790, 11072
1166, 13, 6, 63, 30, 0, 2.39%, 0, 0, 3, 3173.05, 1764561, 11072
1172, 13, 8, 63, 30, 0, 2.39%, 0, 0, 3, 3817.84, 1784178, 11072
1177, 13, 14, 63, 30, 0, 2.39%, 0, 0, 3, 3441.50, 1799988, 11072
1182, 13, 6, 63, 29, 0, 2.39%, 0, 0, 3, 4637.55, 1816141, 11072
1187, 13, 43, 63, 29, 0, 2.39%, 0, 0, 3, 3298.85, 1829410, 11072
1192, 13, 9, 63, 29, 0, 2.39%, 0, 0, 3, 779.36, 1848408, 11072
1197, 13, 14, 63, 29, 0, 2.39%, 0, 0, 3, 2969.14, 1866531, 11072
1202, 13, 14, 64, 30, 0, 2.39%, 0, 0, 3, 2979.20, 1880275, 11072
1207, 13, 33, 64, 30, 0, 2.39%, 0, 0, 3, 449.53, 1891373, 11072
1213, 14, 4, 64, 30, 0, 2.39%, 0, 0, 3, 4802.71, 1913012, 11072
1218, 14, 9, 65, 30, 0, 2.39%, 0, 0, 3, 457.13, 1929498, 11072
1223, 14, 43, 65, 29, 0, 2.39%, 0, 0, 3, 4186.31, 1945398, 11072
1228, 14, 33, 65, 29, 0, 2.39%, 0, 0, 3, 4502.46, 1959659, 11072
1233, 14, 8, 65, 28, 0, 2.39%, 0, 0, 3, 2932.35, 1970666, 11072
1238, 14, 6, 65, 28, 0, 2.39%, 0, 0, 3, 2846.22, 1984210, 11072
1243, 14, 33, 65, 28, 0, 2.39%, 0, 0, 3, 3114.90, 2003532, 11072
1248, 14, 6, 65, 28, 0, 2.39%, 0, 0, 3, 4391.35, 2022337, 11072
1253, 14, 9, 65, 28, 0, 2.39%, 0, 0, 3, 459.08, 2036449, 11072
1258, 14, 5, 65, 27, 0, 2.39%, 0, 0, 3, 4258.60, 2052586, 11072
1264, 14, 8, 65, 26, 0, 2.39%, 0, 0, 3, 2117.84, 2069767, 11072
1269, 14, 9, 65, 26, 0, 2.39%, 0, 0, 3, 5373.10, 2086655, 11072
1274, 14, 14, 65, 26, 0, 2.39%, 0, 0, 3, 1440.04, 2101879, 11072
1279, 14, 14, 65, 25, 0, 2.39%, 0, 0, 3, 4790.31, 2117490, 11072
1284, 14, 14, 65, 25, 0, 2.39%, 0, 0, 3, 445.31, 2139451, 11072
1289, 14, 33, 65, 25, 0, 2.39%, 0, 0, 3, 3777.26, 2159866, 11072
1294, 14, 40, 65, 25, 0, 2.39%, 0, 0, 3, 539.58, 2167173, 11072
1299, 14, 14, 65, 25, 0, 2.39%, 0, 0, 3, 4403.05, 2187505, 11072
1305, 14, 4, 65, 25, 0, 2.39%, 0, 0, 3, 2780.28, 2205070, 11072
1310, 14, 9, 65, 25, 0, 2.39%, 0, 0, 3, 4502.93, 2225194, 11072
1315, 15, 9, 65, 25, 0, 2.39%, 0, 0, 3, 4545.62, 2248315, 11072
1320, 15, 14, 65, 25, 0, 2.39%, 0, 0, 3, 4171.00, 2261081, 11072
1325, 15, 33, 65, 25, 0, 2.39%, 0, 0, 3, 4529.63, 2279309, 11072
1331, 15, 43, 65, 25, 0, 2.39%, 0, 0, 3, 492.67, 2300173, 11072
1336, 15, 43, 65, 25, 0, 2.39%, 0, 0, 3, 4073.43, 2317400, 11072
1341, 15, 6, 65, 25, 0, 2.39%, 0, 0, 3, 4841.53, 2329307, 11072
1346, 15, 33, 65, 25, 0, 2.39%, 0, 0, 3, 4319.74, 2347550, 11072
1351, 15, 33, 65, 25, 0, 2.39%, 0, 0, 3, 3154.98, 2363419, 11072
1356, 15, 9, 65, 24, 0, 2.39%, 0, 0, 3, 726.51, 2379217, 11072
1361, 15, 25, 65, 24, 0, 2.39%, 0, 0, 3, 4218.16, 2394770, 11072
1366, 15, 6, 65, 24, 0, 2.39%, 0, 0, 3, 4101.95, 2414317, 11072
1372, 15, 43, 65, 24, 0, 2.39%, 0, 0, 3, 808.16, 2436012, 11072
1377, 15, 8, 65, 24, 0, 2.39%, 0, 0, 3, 7605.96, 2459617, 11072
1382, 15, 9, 65, 24, 0, 2.39%, 0, 0, 3, 4783.49, 2480716, 11072
1387, 15, 43, 65, 24, 0, 2.39%, 0, 0, 3, 3571.75, 2492656, 11072
1392, 15, 33, 65, 24, 0, 2.39%, 0, 0, 3, 5053.24, 2509818, 11072
1397, 15, 5, 65, 24, 0, 2.39%, 0, 0, 3, 4445.71, 2530801, 11072
1403, 15, 33, 65, 24, 0, 2.39%, 0, 0, 3, 3530.81, 2550544, 11072
1408, 15, 25, 65, 24, 0, 2.39%, 0, 0, 3, 4689.10, 2571298, 11072
1413, 15, 8, 65, 24, 0, 2.39%, 0, 0, 3, 5051.85, 2595211, 11072
1418, 15, 6, 65, 24, 0, 2.39%, 0, 0, 3, 4781.60, 2612850, 11072
1423, 16, 9, 65, 24, 0, 2.39%, 0, 0, 3, 458.94, 2628881, 11072
1428, 16, 33, 65, 24, 0, 2.39%, 0, 0, 3, 848.71, 2641720, 11072
1433, 16, 9, 65, 24, 0, 2.39%, 0, 0, 3, 1922.72, 2652039, 11072
1438, 16, 33, 65, 24, 0, 2.39%, 0, 0, 3, 467.21, 2665976, 11072
1444, 16, 8, 65, 24, 0, 2.39%, 0, 0, 3, 2115.98, 2678421, 11072
1449, 16, 8, 65, 24, 0, 2.39%, 0, 0, 3, 5352.40, 2692011, 11072
1454, 16, 25, 65, 24, 0, 2.39%, 0, 0, 3, 3590.82, 2706339, 11072
1459, 16, 9, 65, 24, 0, 2.39%, 0, 0, 3, 4033.30, 2726229, 11072
1464, 16, 9, 65, 24, 0, 2.39%, 0, 0, 3, 3166.29, 2738851, 11072
1469, 16, 9, 65, 24, 0, 2.39%, 0, 0, 3, 3038.96, 2750064, 11072
1474, 16, 5, 65, 23, 0, 2.39%, 0, 0, 3, 4333.50, 2767012, 11072
1479, 16, 9, 65, 23, 0, 2.39%, 0, 0, 3, 371.68, 2780143, 11072
1485, 16, 33, 65, 23, 0, 2.39%, 0, 0, 3, 4079.43, 2792278, 11072
1490, 16, 9, 65, 23, 0, 2.39%, 0, 0, 3, 2653.28, 2798002, 11072
1495, 16, 9, 65, 23, 0, 2.39%, 0, 0, 3, 2158.09, 2807146, 11072
1500, 16, 33, 65, 23, 0, 2.39%, 0, 0, 3, 284.26, 2820169, 11072
1505, 16, 6, 65, 23, 0, 2.39%, 0, 0, 3, 3017.68, 2831738, 11072
1510, 16, 14, 65, 23, 0, 2.39%, 0, 0, 3, 2006.33, 2840613, 11072
1515, 16, 33, 65, 23, 0, 2.39%, 0, 0, 3, 375.47, 2852451, 11072
1521, 16, 6, 65, 23, 0, 2.39%, 0, 0, 3, 4046.78, 2862646, 11072
1526, 16, 6, 65, 23, 0, 2.39%, 0, 0, 3, 4455.31, 2885980, 11072
1531, 16, 4, 65, 23, 0, 2.39%, 0, 0, 3, 3852.01, 2905083, 11072
1536, 16, 33, 65, 23, 0, 2.39%, 0, 0, 3, 4134.33, 2923186, 11072
1541, 16, 8, 65, 23, 0, 2.39%, 0, 0, 3, 690.71, 2937117, 11072
1546, 16, 43, 65, 23, 0, 2.39%, 0, 0, 3, 373.18, 2956154, 11072
1551, 17, 14, 65, 23, 0, 2.39%, 0, 0, 3, 5114.09, 2973961, 11072
1556, 17, 33, 65, 23, 0, 2.39%, 0, 0, 3, 5235.63, 2993110, 11072
1561, 17, 33, 65, 23, 0, 2.39%, 0, 0, 3, 4420.39, 3012789, 11072
1566, 17, 43, 65, 23, 0, 2.39%, 0, 0, 3, 4797.50, 3027586, 11072
1571, 17, 43, 65, 23, 0, 2.39%, 0, 0, 3, 4856.74, 3052186, 11072
1577, 17, 9, 65, 23, 0, 2.39%, 0, 0, 3, 4734.11, 3075229, 11072
1582, 17, 25, 65, 23, 0, 2.39%, 0, 0, 3, 4064.60, 3094389, 11072
1587, 17, 6, 65, 23, 0, 2.39%, 0, 0, 3, 5046.54, 3111759, 11072
1592, 17, 43, 65, 23, 0, 2.39%, 0, 0, 3, 4564.36, 3129066, 11072
1597, 17, 14, 65, 23, 0, 2.39%, 0, 0, 3, 3338.65, 3145744, 11072
1602, 17, 14, 65, 23, 0, 2.39%, 0, 0, 3, 3828.93, 3161962, 11072
1607, 17, 43, 65, 23, 0, 2.39%, 0, 0, 3, 3371.42, 3179812, 11072
1612, 17, 43, 65, 23, 0, 2.39%, 0, 0, 3, 5044.96, 3202534, 11072
1617, 17, 9, 65, 23, 0, 2.39%, 0, 0, 3, 684.46, 3216747, 11072
1623, 17, 33, 65, 23, 0, 2.39%, 0, 0, 3, 510.09, 3232207, 11072
1628, 17, 14, 65, 23, 0, 2.39%, 0, 0, 3, 4073.95, 3247399, 11072
1633, 17, 5, 65, 22, 0, 2.39%, 0, 0, 3, 4482.17, 3263467, 11072
1638, 17, 9, 65, 22, 0, 2.39%, 0, 0, 3, 3535.00, 3285072, 11072
1643, 17, 25, 65, 22, 0, 2.39%, 0, 0, 3, 4547.58, 3300868, 11072
1648, 17, 6, 65, 22, 0, 2.39%, 0, 0, 3, 4623.37, 3324082, 11072
1654, 17, 25, 65, 22, 0, 2.39%, 0, 0, 3, 4220.13, 3346058, 11072
1659, 17, 33, 65, 22, 0, 2.39%, 0, 0, 3, 4156.51, 3364250, 11072
1664, 18, 43, 65, 22, 0, 2.39%, 0, 0, 3, 4355.89, 3381853, 11072
1669, 18, 6, 65, 21, 0, 2.39%, 0, 0, 3, 4364.52, 3403495, 11072
1674, 18, 43, 65, 21, 0, 2.39%, 0, 0, 3, 4151.89, 3425046, 11072
1679, 18, 6, 65, 21, 0, 2.39%, 0, 0, 3, 4913.43, 3442246, 11072
1684, 18, 6, 65, 21, 0, 2.39%, 0, 0, 3, 3383.08, 3459867, 11072
1689, 18, 43, 65, 21, 0, 2.39%, 0, 0, 3, 4367.14, 3480775, 11072
1694, 18, 9, 65, 21, 0, 2.39%, 0, 0, 3, 5189.66, 3500616, 11072
1699, 18, 43, 65, 21, 0, 2.39%, 0, 0, 3, 4404.10, 3522741, 11072
1704, 18, 9, 65, 21, 0, 2.39%, 0, 0, 3, 4428.46, 3545209, 11072
1710, 18, 4, 65, 21, 0, 2.39%, 0, 0, 3, 4704.65, 3568693, 11072
1715, 18, 43, 65, 21, 0, 2.39%, 0, 0, 3, 518.73, 3586990, 11072
1720, 18, 4, 65, 21, 0, 2.39%, 0, 0, 3, 826.48, 3601387, 11072
1725, 18, 33, 65, 21, 0, 2.39%, 0, 0, 3, 3501.25, 3619789, 11072
1730, 18, 25, 65, 21, 0, 2.39%, 0, 0, 3, 3800.22, 3638929, 11072
1735, 18, 9, 65, 21, 0, 2.39%, 0, 0, 3, 686.05, 3656000, 11072
1740, 18, 9, 65, 21, 0, 2.39%, 0, 0, 3, 508.47, 3669459, 11072
1745, 18, 14, 65, 21, 0, 2.39%, 0, 0, 3, 3498.92, 3682008, 11072
1750, 18, 40, 65, 21, 0, 2.39%, 0, 0, 3, 1237.28, 3696396, 11072
1755, 18, 33, 65, 21, 0, 2.39%, 0, 0, 3, 4012.81, 3716559, 11072
1761, 18, 43, 65, 21, 0, 2.39%, 0, 0, 3, 3814.34, 3733384, 11072
1766, 18, 33, 65, 21, 0, 2.39%, 0, 0, 3, 5625.37, 3749648, 11072
1771, 18, 9, 65, 21, 0, 2.39%, 0, 0, 3, 2810.84, 3765389, 11072
1776, 19, 9, 65, 21, 0, 2.39%, 0, 0, 3, 3837.58, 3784909, 11072
1781, 19, 9, 65, 21, 0, 2.39%, 0, 0, 3, 4613.96, 3805813, 11072
1786, 19, 8, 65, 20, 0, 2.39%, 0, 0, 3, 3231.01, 3822833, 11072
1791, 19, 25, 65, 20, 0, 2.39%, 0, 0, 3, 3887.71, 3842368, 11072
1796, 19, 8, 65, 20, 0, 2.39%, 0, 0, 3, 4399.77, 3864912, 11072
1801, 19, 33, 65, 20, 0, 2.39%, 0, 0, 3, 3668.55, 3886407, 11072
1806, 19, 43, 65, 20, 0, 2.39%, 0, 0, 3, 5058.21, 3904480, 11072
1811, 19, 43, 65, 20, 0, 2.39%, 0, 0, 3, 4298.89, 3926454, 11072
1816, 19, 5, 65, 20, 0, 2.39%, 0, 0, 3, 4754.77, 3950526, 11072
1821, 19, 43, 65, 20, 0, 2.39%, 0, 0, 3, 2425.67, 3970520, 11072
1827, 19, 4, 65, 20, 0, 2.39%, 0, 0, 3, 3915.03, 3991935, 11072
1832, 19, 6, 65, 20, 0, 2.39%, 0, 0, 3, 3831.68, 4011604, 11072
1837, 19, 43, 65, 20, 0, 2.39%, 0, 0, 3, 3808.97, 4031911, 11072
1842, 19, 6, 65, 20, 0, 2.39%, 0, 0, 3, 5314.90, 4053352, 11072
1847, 19, 33, 65, 20, 0, 2.39%, 0, 0, 3, 3619.54, 4073158, 11072
1852, 19, 6, 65, 20, 0, 2.39%, 0, 0, 3, 4272.22, 4096516, 11072
1857, 19, 14, 65, 20, 0, 2.39%, 0, 0, 3, 3776.52, 4114710, 11072
1862, 19, 43, 65, 20, 0, 2.39%, 0, 0, 3, 4047.88, 4134596, 11072
1867, 19, 25, 65, 20, 0, 2.39%, 0, 0, 3, 5382.53, 4158243, 11072
1873, 19, 8, 65, 20, 0, 2.39%, 0, 0, 3, 5067.92, 4181674, 11072
1878, 20, 5, 65, 20, 0, 2.39%, 0, 0, 3, 3706.88, 4200880, 11072
1883, 20, 25, 65, 19, 0, 2.39%, 0, 0, 3, 4046.47, 4221415, 11072
1888, 20, 14, 65, 19, 0, 2.39%, 0, 0, 3, 3991.22, 4237269, 11072
1893, 20, 43, 65, 19, 0, 2.39%, 0, 0, 3, 4455.04, 4255315, 11072
1898, 20, 33, 65, 19, 0, 2.39%, 0, 0, 3, 3231.69, 4274350, 11072
1903, 20, 14, 65, 19, 0, 2.39%, 0, 0, 3, 4110.39, 4293455, 11072
1909, 20, 5, 65, 19, 0, 2.39%, 0, 0, 3, 2674.05, 4314916, 11072
1914, 20, 43, 65, 19, 0, 2.39%, 0, 0, 3, 3745.33, 4335083, 11072
1919, 20, 25, 65, 19, 0, 2.39%, 0, 0, 3, 4075.36, 4355504, 11072
1924, 20, 9, 65, 19, 0, 2.39%, 0, 0, 3, 3852.81, 4373088, 11072
1929, 20, 14, 65, 19, 0, 2.39%, 0, 0, 3, 794.58, 4391147, 11072
1934, 20, 14, 65, 19, 0, 2.39%, 0, 0, 3, 3379.09, 4410650, 11072
1939, 20, 9, 65, 19, 0, 2.39%, 0, 0, 3, 515.15, 4429635, 11072
1944, 20, 33, 65, 19, 0, 2.39%, 0, 0, 3, 3565.44, 4448087, 11072
1949, 20, 43, 65, 19, 0, 2.39%, 0, 0, 3, 3767.71, 4466855, 11072
1954, 20, 33, 65, 19, 0, 2.39%, 0, 0, 3, 408.01, 4484706, 11072
1959, 20, 9, 65, 19, 0, 2.39%, 0, 0, 3, 1449.45, 4500698, 11072
1965, 20, 33, 65, 19, 0, 2.39%, 0, 0, 3, 3113.74, 4514960, 11072
1970, 20, 9, 65, 19, 0, 2.39%, 0, 0, 3, 3775.67, 4533759, 11072
1975, 20, 14, 65, 19, 0, 2.39%, 0, 0, 3, 4509.90, 4552807, 11072
1980, 20, 6, 65, 19, 0, 2.39%, 0, 0, 3, 2948.52, 4569596, 11072
2318, 21, 33, 65, 19, 0, 2.39%, 0, 0, 3, 0.29, 4586407, 11072
2323, 21, 9, 65, 19, 0, 2.39%, 0, 0, 3, 3711.60, 4606016, 11072
2328, 21, 9, 65, 19, 0, 2.39%, 0, 0, 3, 4770.53, 4624808, 11072
2333, 21, 33, 65, 19, 0, 2.39%, 0, 0, 3, 4835.20, 4648040, 11072
2338, 21, 4, 65, 19, 0, 2.39%, 0, 0, 3, 5108.14, 4672066, 11072
2343, 21, 9, 65, 19, 0, 2.39%, 0, 0, 3, 4902.93, 4694818, 11072
2349, 21, 9, 65, 19, 0, 2.39%, 0, 0, 3, 4362.94, 4718027, 11072
3393, 21, 6, 65, 19, 0, 2.39%, 0, 0, 3, 0.12, 4725565, 11072
4374, 21, 6, 65, 19, 0, 2.39%, 0, 0, 3, 1.02, 4751948, 11072
5338, 21, 33, 65, 19, 0, 2.39%, 0, 0, 3, 0.50, 4769339, 11072
6248, 21, 6, 65, 19, 0, 2.39%, 0, 0, 3, 0.48, 4787022, 11072
7310, 21, 43, 65, 19, 0, 2.39%, 0, 0, 3, 0.21, 4809349, 11072
8233, 21, 6, 65, 19, 0, 2.39%, 0, 0, 3, 0.68, 4829269, 11072
9239, 21, 9, 65, 19, 0, 2.39%, 0, 0, 3, 0.72, 4852045, 11072
9244, 21, 43, 65, 19, 0, 2.39%, 0, 0, 3, 4255.64, 4874187, 11072
10180, 21, 25, 65, 19, 0, 2.39%, 0, 0, 3, 0.73, 4879170, 11072
11185, 21, 6, 65, 19, 0, 2.39%, 0, 0, 3, 0.77, 4899640, 11072
11190, 21, 5, 65, 18, 0, 2.39%, 0, 0, 3, 4243.62, 4922502, 11072
12191, 21, 5, 65, 18, 0, 2.39%, 0, 0, 3, 0.75, 4923255, 11072
12196, 21, 25, 65, 18, 0, 2.39%, 0, 0, 3, 4587.80, 4947231, 11072
12900, 21, 25, 65, 18, 0, 2.39%, 0, 0, 3, 0.55, 4947620, 11072
12905, 21, 8, 65, 18, 0, 2.39%, 0, 0, 3, 4471.19, 4969843, 11072
13857, 22, 4, 65, 18, 0, 2.39%, 0, 0, 3, 0.21, 4979138, 11072
14852, 22, 4, 65, 17, 0, 2.39%, 0, 0, 3, 0.09, 5002271, 11072
14857, 22, 43, 65, 17, 0, 2.39%, 0, 0, 3, 3718.24, 5021451, 11072
15890, 22, 43, 65, 17, 0, 2.39%, 0, 0, 3, 0.43, 5021899, 11072
15895, 22, 25, 65, 16, 0, 2.39%, 0, 0, 3, 4510.84, 5043245, 11072
16560, 22, 25, 65, 16, 0, 2.39%, 0, 0, 3, 0.14, 5043338, 11072
16565, 22, 14, 65, 16, 0, 2.39%, 0, 0, 3, 3159.87, 5063176, 11072
16570, 22, 6, 65, 16, 0, 2.39%, 0, 0, 3, 4712.34, 5084237, 11072
17493, 22, 8, 65, 16, 0, 2.39%, 0, 0, 3, 0.71, 5088360, 11072
17498, 22, 25, 65, 16, 0, 2.39%, 0, 0, 3, 4250.83, 5111354, 11072
18471, 22, 25, 65, 16, 0, 2.39%, 0, 0, 3, 0.23, 5111575, 11072
19393, 22, 33, 65, 16, 0, 2.39%, 0, 0, 3, 0.21, 5133305, 11072
20015, 22, 13, 65, 16, 0, 2.39%, 0, 0, 3, 1.76, 5156289, 11072
20020, 22, 6, 65, 16, 0, 2.39%, 0, 0, 3, 4461.01, 5180073, 11072
20220, 22, 43, 65, 16, 0, 2.39%, 0, 0, 3, 6.60, 5189785, 11072
20225, 22, 43, 65, 15, 0, 2.39%, 0, 0, 3, 2924.42, 5207819, 11072
21294, 22, 5, 65, 15, 0, 2.39%, 0, 0, 3, 0.48, 5215969, 11072
22257, 22, 33, 65, 15, 0, 2.39%, 0, 0, 3, 0.83, 5240088, 11072
23793, 22, 14, 65, 15, 0, 2.39%, 0, 0, 3, 0.49, 5260021, 11072
23798, 22, 25, 65, 15, 0, 2.39%, 0, 0, 3, 4736.74, 5280783, 11072
23880, 22, 25, 65, 15, 0, 2.39%, 0, 0, 3, 2.47, 5280985, 11072
23885, 22, 43, 65, 15, 0, 2.39%, 0, 0, 3, 4286.60, 5306561, 11072
24894, 22, 6, 65, 15, 0, 2.39%, 0, 0, 3, 0.60, 5315070, 11072
25905, 23, 14, 65, 15, 0, 2.39%, 0, 0, 3, 0.75, 5337067, 11072
26964, 23, 33, 65, 15, 0, 2.39%, 0, 0, 3, 0.57, 5355197, 11072
27987, 23, 9, 65, 15, 0, 2.39%, 0, 0, 3, 0.30, 5379080, 11072
29011, 23, 9, 65, 15, 0, 2.39%, 0, 0, 3, 0.41, 5395982, 11072
29503, 23, 9, 65, 15, 0, 2.39%, 0, 0, 3, 1.59, 5413581, 11072
29509, 23, 8, 65, 15, 0, 2.39%, 0, 0, 3, 3880.00, 5427458, 11072
29514, 23, 9, 65, 15, 0, 2.39%, 0, 0, 3, 3339.49, 5443261, 11072
30545, 23, 33, 65, 15, 0, 2.39%, 0, 0, 3, 0.55, 5454211, 11072
31456, 23, 5, 65, 15, 0, 2.39%, 0, 0, 3, 0.67, 5466902, 11072
32513, 23, 33, 65, 15, 0, 2.39%, 0, 0, 3, 0.52, 5480957, 11072
32518, 23, 25, 65, 15, 0, 2.39%, 0, 0, 3, 2704.68, 5495575, 11072
33470, 23, 25, 65, 15, 0, 2.39%, 0, 0, 3, 0.06, 5495628, 11072
34643, 23, 8, 65, 15, 0, 2.39%, 0, 0, 3, 0.61, 5513358, 11072
34648, 23, 6, 65, 15, 0, 2.39%, 0, 0, 3, 3950.89, 5535106, 11072
35608, 23, 6, 65, 15, 0, 2.39%, 0, 0, 3, 0.20, 5535302, 11072
35613, 23, 33, 65, 15, 0, 2.39%, 0, 0, 3, 661.00, 5553012, 11072
36526, 23, 33, 65, 15, 0, 2.39%, 0, 0, 3, 0.03, 5553038, 11072
36531, 23, 33, 65, 15, 0, 2.39%, 0, 0, 3, 4854.09, 5574659, 11072
37590, 23, 33, 65, 15, 0, 2.39%, 0, 0, 3, 0.45, 5575140, 11072
38656, 23, 4, 65, 15, 0, 2.39%, 0, 0, 3, 0.81, 5592742, 11072
39664, 23, 14, 65, 15, 0, 2.39%, 0, 0, 3, 0.70, 5611747, 11072
40651, 23, 6, 65, 15, 0, 2.39%, 0, 0, 3, 1.29, 5631877, 11072
41829, 23, 25, 65, 15, 0, 2.39%, 0, 0, 3, 0.54, 5652789, 11072
41834, 23, 9, 65, 15, 0, 2.39%, 0, 0, 3, 4965.32, 5668885, 11072
41839, 23, 8, 65, 15, 0, 2.39%, 0, 0, 3, 5459.41, 5687998, 11072
41844, 23, 9, 65, 15, 0, 2.39%, 0, 0, 3, 4446.73, 5710249, 11072
41850, 23, 9, 65, 15, 0, 2.39%, 0, 0, 3, 2746.67, 5730735, 11072
41855, 24, 33, 65, 15, 0, 2.39%, 0, 0, 3, 435.55, 5744853, 11072
42889, 24, 33, 65, 15, 0, 2.39%, 0, 0, 3, 0.58, 5747036, 11072
43964, 24, 6, 65, 15, 0, 2.39%, 0, 0, 3, 0.71, 5769418, 11072
45018, 24, 8, 65, 15, 0, 2.39%, 0, 0, 3, 0.61, 5793174, 11072
46017, 24, 33, 65, 15, 0, 2.39%, 0, 0, 3, 0.60, 5815755, 11072
47054, 24, 9, 65, 15, 0, 2.39%, 0, 0, 3, 0.64, 5832838, 11072
48133, 24, 8, 65, 15, 0, 2.39%, 0, 0, 3, 0.53, 5851545, 11072
48138, 24, 9, 65, 15, 0, 2.39%, 0, 0, 3, 4945.92, 5870472, 11072
49053, 24, 9, 65, 15, 0, 2.39%, 0, 0, 3, 0.43, 5870870, 11072
49058, 24, 9, 65, 15, 0, 2.39%, 0, 0, 3, 4689.89, 5884429, 11072
49596, 24, 9, 65, 15, 0, 2.39%, 0, 0, 3, 0.16, 5884517, 11072
49601, 24, 9, 65, 15, 0, 2.39%, 0, 0, 3, 4499.07, 5906923, 11072
50513, 24, 8, 65, 15, 0, 2.39%, 0, 0, 3, 0.56, 5918025, 11072
51587, 24, 6, 65, 15, 0, 2.39%, 0, 0, 3, 0.64, 5938405, 11072
51675, 24, 14, 65, 15, 0, 2.39%, 0, 0, 3, 4.59, 5960092, 11072
51680, 24, 4, 65, 15, 0, 2.39%, 0, 0, 3, 3777.44, 5975988, 11072
52720, 24, 9, 65, 15, 0, 2.39%, 0, 0, 3, 0.47, 5993811, 11072
52725, 24, 33, 65, 15, 0, 2.39%, 0, 0, 3, 3416.37, 6011940, 11072
53654, 24, 33, 65, 15, 0, 2.39%, 0, 0, 3, 0.42, 6012332, 11072
53659, 24, 9, 65, 15, 0, 2.39%, 0, 0, 3, 512.00, 6028680, 11072
54643, 24, 9, 65, 15, 0, 2.39%, 0, 0, 3, 0.08, 6028754, 11072
54648, 24, 43, 65, 15, 0, 2.39%, 0, 0, 3, 3187.69, 6046283, 11072
55599, 24, 59, 65, 15, 0, 2.39%, 0, 0, 3, 0.37, 6046631, 11072
55604, 24, 14, 65, 15, 0, 2.39%, 0, 0, 3, 4559.68, 6059346, 11072
56575, 24, 14, 65, 15, 0, 2.39%, 0, 0, 3, 0.05, 6059397, 11072
56580, 24, 9, 65, 15, 0, 2.39%, 0, 0, 3, 561.69, 6075466, 11072
57537, 24, 9, 65, 15, 0, 2.39%, 0, 0, 3, 0.04, 6075508, 11072
58506, 24, 5, 65, 15, 0, 2.39%, 0, 0, 3, 0.29, 6097696, 11072
58511, 25, 4, 65, 15, 0, 2.39%, 0, 0, 3, 5310.84, 6118000, 11072
58936, 25, 4, 65, 15, 0, 2.39%, 0, 0, 3, 0.49, 6118210, 11072
58941, 25, 4, 65, 15, 0, 2.39%, 0, 0, 3, 5027.13, 6132459, 11072
59842, 25, 33, 65, 15, 0, 2.39%, 0, 0, 3, 0.88, 6142971, 11072
59847, 25, 9, 65, 15, 0, 2.39%, 0, 0, 3, 476.19, 6157914, 11072
60800, 25, 9, 65, 15, 0, 2.39%, 0, 0, 3, 0.02, 6157929, 11072
61741, 25, 43, 65, 15, 0, 2.39%, 0, 0, 3, 0.89, 6176957, 11072
62597, 25, 43, 65, 15, 0, 2.39%, 0, 0, 3, 1.18, 6194427, 11072
62602, 25, 33, 65, 15, 0, 2.39%, 0, 0, 3, 4326.24, 6211038, 11072
62609, 25, 33, 65, 15, 0, 2.39%, 0, 0, 3, 251.89, 6226433, 11072
62614, 25, 9, 65, 15, 0, 2.39%, 0, 0, 3, 4888.95, 6245721, 11072
63678, 25, 9, 65, 15, 0, 2.39%, 0, 0, 3, 0.68, 6254373, 11072
63683, 25, 33, 65, 15, 0, 2.39%, 0, 0, 3, 7960.20, 6268845, 11072
64620, 25, 33, 65, 15, 0, 2.39%, 0, 0, 3, 0.48, 6269292, 11072
65698, 25, 43, 65, 15, 0, 2.39%, 0, 0, 3, 0.14, 6290151, 11072
66084, 25, 5, 65, 15, 0, 2.39%, 0, 0, 3, 1.58, 6309165, 11072
66089, 25, 9, 65, 15, 0, 2.39%, 0, 0, 3, 6747.22, 6328679, 11072
66258, 25, 9, 65, 15, 0, 2.39%, 0, 0, 3, 1.80, 6331679, 11072
66263, 25, 33, 65, 15, 0, 2.39%, 0, 0, 3, 597.90, 6352638, 11072
67202, 25, 9, 65, 15, 0, 2.39%, 0, 0, 3, 0.64, 6360736, 11072
67207, 25, 6, 65, 15, 0, 2.39%, 0, 0, 3, 584.23, 6382329, 11072
68145, 25, 6, 65, 15, 0, 2.39%, 0, 0, 3, 0.00, 6382333, 11072
68150, 25, 14, 65, 15, 0, 2.39%, 0, 0, 3, 3703.44, 6402172, 11072
69102, 25, 14, 65, 15, 0, 2.39%, 0, 0, 3, 0.40, 6402554, 11072
69919, 25, 9, 65, 15, 0, 2.39%, 0, 0, 3, 0.12, 6419646, 11072
69924, 25, 8, 65, 15, 0, 2.39%, 0, 0, 3, 4912.23, 6436668, 11072
70930, 25, 5, 65, 15, 0, 2.39%, 0, 0, 3, 0.59, 6447774, 11072
70935, 25, 43, 65, 15, 0, 2.39%, 0, 0, 3, 5910.00, 6461970, 11072
71913, 25, 43, 65, 15, 0, 2.39%, 0, 0, 3, 0.15, 6462116, 11072
72877, 25, 33, 65, 15, 0, 2.39%, 0, 0, 3, 0.63, 6480390, 11072
73580, 25, 9, 65, 15, 0, 2.39%, 0, 0, 3, 0.39, 6490770, 11072
73585, 26, 43, 65, 15, 0, 2.39%, 0, 0, 3, 3787.97, 6508499, 11072
74518, 26, 4, 65, 15, 0, 2.39%, 0, 0, 3, 0.19, 6519307, 11072
75510, 26, 8, 65, 15, 0, 2.39%, 0, 0, 3, 0.81, 6541091, 11072
76544, 26, 25, 65, 15, 0, 2.39%, 0, 0, 3, 0.59, 6563009, 11072
77241, 26, 43, 65, 15, 0, 2.39%, 0, 0, 3, 0.74, 6584357, 11072
77246, 26, 43, 65, 15, 0, 2.39%, 0, 0, 3, 4161.19, 6605873, 11072
78246, 26, 43, 65, 15, 0, 2.39%, 0, 0, 3, 0.30, 6614250, 11072
78251, 26, 4, 65, 15, 0, 2.39%, 0, 0, 3, 4275.83, 6630749, 11072
79177, 26, 4, 65, 15, 0, 2.39%, 0, 0, 3, 0.09, 6630836, 11072
79182, 26, 40, 65, 15, 0, 2.39%, 0, 0, 3, 5784.21, 6649123, 11072
80108, 26, 40, 65, 15, 0, 2.39%, 0, 0, 3, 0.24, 6651767, 11072
80902, 26, 6, 65, 15, 0, 2.39%, 0, 0, 3, 0.90, 6669071, 11072
80907, 26, 9, 65, 15, 0, 2.39%, 0, 0, 3, 4991.41, 6688266, 11072
80912, 26, 8, 65, 15, 0, 2.39%, 0, 0, 3, 5550.84, 6703992, 11072
81813, 26, 9, 65, 15, 0, 2.39%, 0, 0, 3, 0.22, 6709463, 11072
82803, 26, 6, 65, 14, 0, 2.39%, 0, 0, 3, 1.20, 6729903, 11072
82808, 26, 59, 65, 14, 0, 2.39%, 0, 0, 3, 3720.00, 6749771, 11072
83741, 26, 59, 65, 14, 0, 2.39%, 0, 0, 3, 0.10, 6749861, 11072
84563, 26, 25, 65, 14, 0, 2.39%, 0, 0, 3, 1.04, 6770076, 11072
84568, 26, 8, 65, 14, 0, 2.39%, 0, 0, 3, 1388.37, 6785553, 11072
85542, 26, 9, 65, 14, 0, 2.39%, 0, 0, 3, 0.25, 6795277, 11072
85547, 26, 43, 65, 14, 0, 2.39%, 0, 0, 3, 3048.76, 6811179, 11072
86595, 26, 43, 65, 14, 0, 2.39%, 0, 0, 3, 0.06, 6811239, 11072
87553, 26, 8, 65, 14, 0, 2.39%, 0, 0, 3, 0.32, 6831132, 11072
88224, 26, 14, 65, 14, 0, 2.39%, 0, 0, 3, 1.35, 6850539, 11072
88229, 27, 9, 65, 14, 0, 2.39%, 0, 0, 3, 3762.45, 6869735, 11072
88357, 27, 43, 65, 14, 0, 2.39%, 0, 0, 3, 0.36, 6876264, 11072
88362, 27, 5, 65, 14, 0, 2.39%, 0, 0, 3, 4989.17, 6895259, 11072
89338, 27, 33, 65, 14, 0, 2.39%, 0, 0, 3, 0.82, 6903864, 11072
90358, 27, 5, 65, 14, 0, 2.39%, 0, 0, 3, 0.69, 6925098, 11072
91411, 27, 8, 65, 14, 0, 2.39%, 0, 0, 3, 0.86, 6943673, 11072
91416, 27, 33, 65, 14, 0, 2.39%, 0, 0, 3, 4570.36, 6967050, 11072
91885, 27, 33, 65, 14, 0, 2.39%, 0, 0, 3, 1.08, 6967556, 11072
91890, 27, 8, 65, 14, 0, 2.39%, 0, 0, 3, 4150.11, 6986280, 11072
91895, 27, 9, 65, 14, 0, 2.39%, 0, 0, 3, 4067.08, 7006799, 11072
91901, 27, 9, 65, 14, 0, 2.39%, 0, 0, 3, 4851.54, 7024878, 11072
92806, 27, 9, 65, 14, 0, 2.39%, 0, 0, 3, 0.76, 7031247, 11072
93875, 27, 9, 65, 14, 0, 2.39%, 0, 0, 3, 0.01, 7031992, 11072
93880, 27, 33, 65, 14, 0, 2.39%, 0, 0, 3, 3329.92, 7045442, 11072
94838, 27, 33, 65, 14, 0, 2.39%, 0, 0, 3, 0.07, 7045507, 11072
94843, 27, 33, 65, 14, 0, 2.39%, 0, 0, 3, 3266.61, 7060020, 11072
95546, 27, 33, 65, 14, 0, 2.39%, 0, 0, 3, 0.26, 7060205, 11072
95551, 27, 9, 65, 14, 0, 2.39%, 0, 0, 3, 3359.86, 7069511, 11072
96518, 27, 9, 65, 14, 0, 2.39%, 0, 0, 3, 0.62, 7077615, 11072
97453, 27, 33, 65, 14, 0, 2.39%, 0, 0, 3, 1.39, 7099865, 11072
98486, 27, 6, 65, 14, 0, 2.39%, 0, 0, 3, 0.67, 7123164, 11072
98491, 27, 25, 65, 14, 0, 2.39%, 0, 0, 3, 3079.42, 7138325, 11072
99207, 27, 25, 65, 14, 0, 2.39%, 0, 0, 3, 0.18, 7138452, 11072
99212, 27, 25, 65, 14, 0, 2.39%, 0, 0, 3, 3916.67, 7161058, 11072
100181, 27, 33, 65, 14, 0, 2.39%, 0, 0, 3, 0.92, 7169767, 11072
100186, 27, 43, 65, 14, 0, 2.39%, 0, 0, 3, 3362.81, 7186952, 11072
101211, 27, 43, 65, 14, 0, 2.39%, 0, 0, 3, 0.07, 7187019, 11072
102261, 27, 36, 65, 14, 0, 2.39%, 0, 0, 3, 0.74, 7198137, 11072
102868, 27, 6, 65, 14, 0, 2.39%, 0, 0, 3, 1.64, 7218203, 11072
102873, 27, 9, 65, 14, 0, 2.39%, 0, 0, 3, 4348.99, 7238544, 11072
103924, 28, 8, 65, 13, 0, 2.39%, 0, 0, 3, 0.62, 7248110, 11072
103929, 28, 33, 65, 13, 0, 2.39%, 0, 0, 3, 5204.79, 7268525, 11072
104904, 28, 33, 65, 13, 0, 2.39%, 0, 0, 3, 0.19, 7268715, 11072
105885, 28, 9, 65, 13, 0, 2.39%, 0, 0, 3, 0.22, 7291234, 11072
105890, 28, 25, 65, 13, 0, 2.39%, 0, 0, 3, 3746.70, 7310366, 11072
106529, 28, 5, 65, 13, 0, 2.39%, 0, 0, 3, 0.69, 7310805, 11072
106534, 28, 4, 65, 13, 0, 2.39%, 0, 0, 3, 3197.19, 7329634, 11072
107517, 28, 38, 65, 13, 0, 2.39%, 0, 0, 3, 0.24, 7336201, 11072
107522, 28, 43, 65, 13, 0, 2.39%, 0, 0, 3, 5564.45, 7350449, 11072
108556, 28, 43, 65, 13, 0, 2.39%, 0, 0, 3, 0.39, 7350857, 11072
108757, 28, 8, 65, 13, 0, 2.39%, 0, 0, 3, 2.37, 7371199, 11072
108762, 28, 9, 66, 13, 0, 2.39%, 0, 0, 3, 5786.79, 7390066, 11072
109808, 28, 25, 66, 13, 0, 2.39%, 0, 0, 3, 0.68, 7399946, 11072
110729, 28, 4, 66, 13, 0, 2.39%, 0, 0, 3, 0.40, 7421464, 11072
111636, 28, 9, 66, 13, 0, 2.39%, 0, 0, 3, 0.42, 7438943, 11072
112704, 28, 8, 66, 13, 0, 2.39%, 0, 0, 3, 0.60, 7461158, 11072
112709, 28, 33, 66, 13, 0, 2.39%, 0, 0, 3, 3848.83, 7481831, 11072
113682, 28, 33, 66, 13, 0, 2.39%, 0, 0, 3, 0.23, 7482058, 11072
114682, 28, 36, 66, 13, 0, 2.39%, 0, 0, 3, 0.19, 7500620, 11072
115743, 28, 36, 66, 13, 0, 2.39%, 0, 0, 3, 0.48, 7506254, 11072
116767, 28, 33, 66, 13, 0, 2.39%, 0, 0, 3, 0.84, 7523662, 11072
117695, 28, 25, 66, 13, 0, 2.39%, 0, 0, 3, 0.83, 7540860, 11072
117700, 28, 9, 66, 12, 0, 2.39%, 0, 0, 3, 2929.24, 7554628, 11072
118763, 28, 9, 66, 12, 0, 2.39%, 0, 0, 3, 0.11, 7554744, 11072
119794, 28, 8, 66, 12, 0, 2.39%, 0, 0, 3, 0.53, 7571733, 11072
120831, 28, 65, 66, 12, 0, 2.39%, 0, 0, 3, 0.11, 7580523, 11072
120836, 28, 9, 66, 12, 0, 2.39%, 0, 0, 3, 750.75, 7598396, 11072
121752, 28, 9, 66, 12, 0, 2.39%, 0, 0, 3, 0.03, 7598426, 11072
121757, 28, 8, 66, 12, 0, 2.39%, 0, 0, 3, 3916.15, 7620670, 11072
122756, 28, 8, 66, 12, 0, 2.39%, 0, 0, 3, 0.30, 7620970, 11072
122761, 28, 65, 66, 12, 0, 2.39%, 0, 0, 3, 4595.41, 7644831, 11072
123797, 28, 65, 66, 12, 0, 2.39%, 0, 0, 3, 0.14, 7644973, 11072
123802, 28, 65, 66, 12, 0, 2.39%, 0, 0, 3, 4819.93, 7656548, 11072
124701, 28, 65, 66, 12, 0, 2.39%, 0, 0, 3, 0.24, 7656764, 11072
125706, 29, 43, 66, 12, 0, 2.39%, 0, 0, 3, 0.86, 7674208, 11072
126681, 29, 65, 66, 12, 0, 2.39%, 0, 0, 3, 0.34, 7696287, 11072
128330, 29, 4, 66, 12, 0, 2.39%, 0, 0, 3, 0.73, 7720530, 11072
129278, 29, 36, 66, 12, 0, 2.39%, 0, 0, 3, 0.26, 7739987, 11072
129283, 29, 36, 66, 12, 0, 2.39%, 0, 0, 3, 6671.50, 7747320, 11072
130360, 29, 36, 66, 12, 0, 2.39%, 0, 0, 3, 0.05, 7747371, 11072
131392, 29, 9, 66, 12, 0, 2.39%, 0, 0, 3, 0.73, 7756156, 11072
132463, 29, 65, 66, 12, 0, 2.39%, 0, 0, 3, 0.28, 7774447, 11072
132468, 29, 65, 66, 12, 0, 2.39%, 0, 0, 3, 1543.87, 7782172, 11072
133431, 29, 65, 66, 12, 0, 2.39%, 0, 0, 3, 0.76, 7782902, 11072
134458, 29, 40, 66, 12, 0, 2.39%, 0, 0, 3, 0.25, 7800681, 11072
134463, 29, 40, 66, 12, 0, 2.39%, 0, 0, 3, 540.79, 7809842, 11072
135470, 29, 33, 66, 12, 0, 2.39%, 0, 0, 3, 0.08, 7815744, 11072
135475, 29, 4, 66, 12, 0, 2.39%, 0, 0, 3, 4001.11, 7835198, 11072
136464, 29, 4, 66, 12, 0, 2.39%, 0, 0, 3, 0.12, 7835312, 11072
137420, 29, 8, 66, 12, 0, 2.39%, 0, 0, 3, 0.55, 7855500, 11072
137425, 29, 65, 66, 12, 0, 2.39%, 0, 0, 3, 3515.69, 7874017, 11072
138337, 29, 65, 66, 12, 0, 2.39%, 0, 0, 3, 0.17, 7874173, 11072
138342, 29, 9, 66, 12, 0, 2.39%, 0, 0, 3, 4321.11, 7897222, 11072
139379, 29, 33, 66, 12, 0, 2.39%, 0, 0, 3, 0.87, 7906852, 11072
140323, 29, 65, 66, 12, 0, 2.39%, 0, 0, 3, 0.36, 7925730, 11072
141332, 29, 43, 66, 12, 0, 2.39%, 0, 0, 3, 0.57, 7951340, 11072
141719, 29, 33, 66, 12, 0, 2.39%, 0, 0, 3, 2.35, 7972235, 11072
141724, 29, 65, 66, 12, 0, 2.39%, 0, 0, 3, 4114.27, 7992965, 11072
142760, 29, 65, 66, 12, 0, 2.39%, 0, 0, 3, 0.44, 8001223, 11072
142765, 29, 65, 66, 12, 0, 2.39%, 0, 0, 3, 2239.80, 8014921, 11072
143770, 29, 65, 66, 12, 0, 2.39%, 0, 0, 3, 0.04, 8014965, 11072
144767, 29, 65, 66, 12, 0, 2.39%, 0, 0, 3, 0.14, 8030225, 11072
144798, 29, 65, 66, 12, 0, 2.39%, 0, 0, 3, 16.78, 8041117, 11072
144803, 29, 14, 66, 12, 0, 2.39%, 0, 0, 3, 5775.08, 8061818, 11072
144808, 29, 9, 66, 12, 0, 2.39%, 0, 0, 3, 2949.76, 8079472, 11072
144813, 29, 33, 66, 12, 0, 2.39%, 0, 0, 3, 4515.37, 8102798, 11072
145380, 29, 33, 66, 12, 0, 2.39%, 0, 0, 3, 0.31, 8102972, 11072
145385, 29, 65, 66, 12, 0, 2.39%, 0, 0, 3, 3805.50, 8122774, 11072
146328, 29, 65, 66, 12, 0, 2.39%, 0, 0, 3, 0.27, 8125641, 11072
147140, 29, 65, 66, 12, 0, 2.39%, 0, 0, 3, 0.37, 8142544, 11072
147145, 29, 33, 66, 12, 0, 2.39%, 0, 0, 3, 3851.27, 8162949, 11072
147195, 29, 65, 66, 12, 0, 2.39%, 0, 0, 3, 4.93, 8170363, 11072
147200, 29, 39, 66, 12, 0, 2.39%, 0, 0, 3, 4007.13, 8193084, 11072
147341, 29, 9, 66, 12, 0, 2.39%, 0, 0, 3, 0.73, 8198211, 11072
147346, 29, 43, 66, 12, 0, 2.39%, 0, 0, 3, 2732.24, 8212164, 11072
147351, 29, 43, 66, 12, 0, 2.39%, 0, 0, 3, 5105.38, 8231185, 11072
147474, 29, 43, 66, 12, 0, 2.39%, 0, 0, 3, 0.17, 8231304, 11072
147479, 29, 8, 66, 12, 0, 2.39%, 0, 0, 3, 3347.19, 8248917, 11072
147484, 29, 8, 66, 12, 0, 2.39%, 0, 0, 3, 3410.07, 8265944, 11072
147489, 29, 65, 66, 12, 0, 2.39%, 0, 0, 3, 3958.56, 8284335, 11072
147494, 30, 14, 66, 12, 0, 2.39%, 0, 0, 3, 4516.79, 8307580, 11072
147500, 30, 43, 66, 12, 0, 2.39%, 0, 0, 3, 4306.80, 8329515, 11072
147505, 30, 40, 66, 12, 0, 2.39%, 0, 0, 3, 836.11, 8348747, 11072
147510, 30, 40, 66, 12, 0, 2.39%, 0, 0, 3, 753.80, 8352479, 11072
147515, 30, 65, 66, 12, 0, 2.39%, 0, 0, 3, 3073.54, 8370299, 11072
147520, 30, 65, 66, 12, 0, 2.39%, 0, 0, 3, 4448.33, 8394623, 11072
147525, 30, 5, 66, 12, 0, 2.39%, 0, 0, 3, 5787.01, 8413989, 11072
147530, 30, 65, 66, 12, 0, 2.39%, 0, 0, 3, 2763.55, 8422665, 11072
147536, 30, 14, 66, 12, 0, 2.39%, 0, 0, 3, 2432.19, 8439629, 11072
147541, 30, 40, 66, 12, 0, 2.39%, 0, 0, 3, 254.05, 8441283, 11072
147546, 30, 40, 66, 12, 0, 2.39%, 0, 0, 3, 526.87, 8444269, 11072
147551, 30, 14, 66, 12, 0, 2.39%, 0, 0, 3, 4032.59, 8456819, 11072
147556, 30, 6, 66, 12, 0, 2.39%, 0, 0, 3, 3891.83, 8474813, 11072
147561, 30, 25, 66, 12, 0, 2.39%, 0, 0, 3, 2705.82, 8483607, 11072
147566, 30, 65, 66, 12, 0, 2.39%, 0, 0, 3, 364.53, 8503899, 11072
147571, 30, 43, 66, 12, 0, 2.39%, 0, 0, 3, 3331.00, 8519051, 11072
147576, 30, 33, 66, 12, 0, 2.39%, 0, 0, 3, 3561.28, 8535721, 11072
147581, 30, 9, 66, 12, 0, 2.39%, 0, 0, 3, 3321.02, 8552503, 11072
147586, 30, 9, 66, 12, 0, 2.39%, 0, 0, 3, 1170.58, 8570045, 11072
147591, 30, 6, 66, 12, 0, 2.39%, 0, 0, 3, 3776.12, 8593342, 11072
147596, 30, 14, 66, 12, 0, 2.39%, 0, 0, 3, 3978.38, 8611261, 11072
147601, 30, 65, 66, 12, 0, 2.39%, 0, 0, 3, 5181.03, 8628924, 11072
147606, 30, 65, 66, 12, 0, 2.39%, 0, 0, 3, 3424.65, 8646137, 11072
147612, 30, 4, 66, 12, 0, 2.39%, 0, 0, 3, 4648.54, 8671070, 11072
147617, 30, 9, 66, 12, 0, 2.39%, 0, 0, 3, 852.27, 8694771, 11072
147622, 30, 65, 66, 12, 0, 2.39%, 0, 0, 3, 2374.95, 8708123, 11072
147627, 30, 65, 66, 12, 0, 2.39%, 0, 0, 3, 2491.32, 8721379, 11072
147632, 30, 65, 66, 12, 0, 2.39%, 0, 0, 3, 4282.50, 8746514, 11072
147637, 30, 33, 66, 12, 0, 2.39%, 0, 0, 3, 2339.90, 8766230, 11072
147642, 30, 33, 66, 12, 0, 2.39%, 0, 0, 3, 4233.07, 8784104, 11072
147647, 30, 43, 66, 12, 0, 2.39%, 0, 0, 3, 4026.46, 8803737, 11072
147653, 30, 9, 66, 12, 0, 2.39%, 0, 0, 3, 5788.55, 8825413, 11072
147658, 30, 65, 66, 12, 0, 2.39%, 0, 0, 3, 1964.77, 8840000, 11072
147663, 30, 65, 66, 12, 0, 2.39%, 0, 0, 3, 2506.06, 8849879, 11072
147668, 31, 43, 66, 12, 0, 2.39%, 0, 0, 3, 2162.63, 8859823, 11072
147673, 31, 65, 66, 12, 0, 2.39%, 0, 0, 3, 3674.38, 8878844, 11072
147678, 31, 25, 66, 12, 0, 2.39%, 0, 0, 3, 4204.74, 8899343, 11072
147683, 31, 6, 66, 12, 0, 2.39%, 0, 0, 3, 1201.44, 8917839, 11072
147688, 31, 65, 66, 12, 0, 2.39%, 0, 0, 3, 3577.96, 8936619, 11072
147693, 31, 4, 66, 12, 0, 2.39%, 0, 0, 3, 5241.47, 8954691, 11072
147698, 31, 14, 66, 12, 0, 2.39%, 0, 0, 3, 4965.60, 8979877, 11072
147703, 31, 4, 66, 12, 0, 2.39%, 0, 0, 3, 3595.39, 8997154, 11072
147708, 31, 14, 66, 12, 0, 2.39%, 0, 0, 3, 3418.96, 9016780, 11072
147714, 31, 65, 66, 12, 0, 2.39%, 0, 0, 3, 4037.69, 9038774, 11072
147719, 31, 43, 66, 12, 0, 2.39%, 0, 0, 3, 4442.52, 9062404, 11072
147724, 31, 33, 66, 12, 0, 2.39%, 0, 0, 3, 5253.73, 9080149, 11072
147729, 31, 65, 66, 12, 0, 2.39%, 0, 0, 3, 4893.48, 9103865, 11072
147734, 31, 65, 66, 12, 0, 2.39%, 0, 0, 3, 4564.47, 9126864, 11072
147739, 31, 65, 66, 12, 0, 2.39%, 0, 0, 3, 3050.04, 9137617, 11072
147744, 31, 65, 66, 12, 0, 2.39%, 0, 0, 3, 4076.52, 9159790, 11072
147749, 31, 33, 66, 12, 0, 2.39%, 0, 0, 3, 4305.43, 9180839, 11072
147754, 31, 65, 66, 12, 0, 2.39%, 0, 0, 3, 4234.95, 9202953, 11072
147759, 31, 65, 66, 12, 0, 2.39%, 0, 0, 3, 2788.82, 9217761, 11072
147764, 31, 65, 66, 12, 0, 2.39%, 0, 0, 3, 3875.60, 9236218, 11072
147769, 31, 33, 66, 12, 0, 2.39%, 0, 0, 3, 3880.66, 9256666, 11072
147775, 31, 18, 66, 12, 0, 2.39%, 0, 0, 3, 4513.95, 9274813, 11072
147780, 31, 9, 66, 12, 0, 2.39%, 0, 0, 3, 588.67, 9290484, 11072
147785, 31, 9, 66, 12, 0, 2.39%, 0, 0, 3, 917.62, 9313862, 11072
147790, 31, 65, 66, 12, 0, 2.39%, 0, 0, 3, 3528.21, 9333735, 11072
147795, 31, 14, 66, 12, 0, 2.39%, 0, 0, 3, 5059.70, 9353437, 11072
147800, 31, 65, 66, 12, 0, 2.39%, 0, 0, 3, 3116.53, 9369519, 11072
147805, 31, 9, 66, 12, 0, 2.39%, 0, 0, 3, 3232.60, 9382343, 11072
147810, 31, 65, 66, 12, 0, 2.39%, 0, 0, 3, 3535.72, 9396656, 11072
147815, 31, 65, 66, 12, 0, 2.39%, 0, 0, 3, 4789.24, 9409644, 11072
147820, 31, 65, 66, 12, 0, 2.39%, 0, 0, 3, 4266.67, 9430728, 11072
147825, 32, 65, 66, 12, 0, 2.39%, 0, 0, 3, 4025.82, 9451738, 11072
147831, 32, 25, 66, 12, 0, 2.39%, 0, 0, 3, 3931.32, 9471243, 11072
147836, 32, 65, 66, 12, 0, 2.39%, 0, 0, 3, 4403.94, 9494068, 11072
147841, 32, 65, 66, 12, 0, 2.39%, 0, 0, 3, 3442.30, 9509264, 11072
147846, 32, 9, 66, 12, 0, 2.39%, 0, 0, 3, 5299.70, 9528963, 11072
147851, 32, 65, 66, 12, 0, 2.39%, 0, 0, 3, 4470.35, 9549364, 11072
147856, 32, 65, 66, 12, 0, 2.39%, 0, 0, 3, 3772.10, 9569904, 11072
147861, 32, 65, 66, 12, 0, 2.39%, 0, 0, 3, 2714.76, 9582396, 11072
147866, 32, 65, 66, 12, 0, 2.39%, 0, 0, 3, 4268.86, 9603059, 11072
147871, 32, 65, 66, 12, 0, 2.39%, 0, 0, 3, 3330.30, 9619740, 11072
147876, 32, 65, 66, 12, 0, 2.39%, 0, 0, 3, 3554.76, 9630364, 11072
147881, 32, 25, 66, 12, 0, 2.39%, 0, 0, 3, 4153.35, 9650504, 11072
147886, 32, 33, 66, 12, 0, 2.39%, 0, 0, 3, 4013.99, 9671604, 11072
147892, 32, 43, 66, 12, 0, 2.39%, 0, 0, 3, 4245.49, 9690263, 11072
147897, 32, 25, 66, 12, 0, 2.39%, 0, 0, 3, 4151.27, 9704022, 11072
147902, 32, 25, 66, 12, 0, 2.39%, 0, 0, 3, 3938.75, 9723422, 11072
147907, 32, 25, 66, 12, 0, 2.39%, 0, 0, 3, 445.68, 9743607, 11072
147912, 32, 65, 66, 12, 0, 2.39%, 0, 0, 3, 3901.05, 9761004, 11072
147917, 32, 25, 66, 12, 0, 2.39%, 0, 0, 3, 3614.64, 9777300, 11072
147922, 32, 65, 66, 12, 0, 2.39%, 0, 0, 3, 3350.72, 9796702, 11072
147928, 32, 9, 66, 12, 0, 2.39%, 0, 0, 3, 819.61, 9821612, 11072
147933, 32, 5, 66, 12, 0, 2.39%, 0, 0, 3, 5273.63, 9838019, 11072
147938, 32, 65, 66, 12, 0, 2.39%, 0, 0, 3, 4466.63, 9859008, 11072
147943, 32, 9, 66, 12, 0, 2.39%, 0, 0, 3, 4066.86, 9879468, 11072
147948, 32, 43, 66, 12, 0, 2.39%, 0, 0, 3, 4481.05, 9897606, 11072
147950, 32, 65, 66, 12, 0, 2.39%, 0, 0, 3, 3800.86, 9905170, 11072
