# relative_time, cycles_done, cur_item, corpus_count, pending_total, pending_favs, map_size, saved_crashes, saved_hangs, max_depth, execs_per_sec, total_execs, edges_found
61, 8, 5, 44, 12, 0, 2.29%, 0, 0, 3, 4111.63, 206858, 10374
66, 8, 33, 44, 12, 0, 2.29%, 0, 0, 3, 3599.07, 225076, 10374
71, 9, 33, 44, 12, 0, 2.29%, 0, 0, 3, 3443.32, 242679, 10374
77, 10, 7, 44, 12, 0, 2.29%, 0, 0, 3, 3410.84, 260162, 10374
82, 11, 1, 44, 12, 0, 2.29%, 0, 0, 3, 3763.99, 279886, 10374
87, 12, 1, 44, 12, 0, 2.29%, 0, 0, 3, 4589.23, 297614, 10374
92, 12, 5, 44, 12, 0, 2.29%, 0, 0, 3, 4275.82, 319188, 10374
97, 13, 1, 44, 11, 0, 2.29%, 0, 0, 3, 3486.99, 335857, 10374
102, 14, 5, 44, 10, 0, 2.29%, 0, 0, 3, 3705.95, 354701, 10374
107, 15, 22, 44, 10, 0, 2.29%, 0, 0, 3, 3753.31, 373818, 10374
112, 16, 14, 44, 10, 0, 2.29%, 0, 0, 3, 3253.87, 390232, 10374
117, 16, 5, 44, 9, 0, 2.29%, 0, 0, 3, 3810.37, 409620, 10374
123, 17, 0, 44, 9, 0, 2.29%, 0, 0, 3, 4334.33, 431421, 10374
128, 18, 1, 44, 9, 0, 2.29%, 0, 0, 3, 4095.52, 451595, 10374
133, 19, 33, 45, 10, 0, 2.29%, 0, 0, 3, 3809.25, 471036, 10374
138, 19, 28, 45, 10, 0, 2.29%, 0, 0, 3, 3425.31, 488218, 10374
143, 20, 0, 45, 10, 0, 2.29%, 0, 0, 3, 3448.15, 506315, 10374
148, 21, 0, 45, 9, 0, 2.29%, 0, 0, 3, 3440.73, 523586, 10374
154, 21, 33, 45, 9, 0, 2.29%, 0, 0, 3, 4237.23, 546217, 10374
159, 22, 33, 45, 9, 0, 2.29%, 0, 0, 3, 3892.26, 565791, 10374
164, 23, 5, 45, 9, 0, 2.29%, 0, 0, 3, 4518.63, 586416, 10374
169, 24, 7, 45, 9, 0, 2.29%, 0, 0, 3, 3943.90, 605060, 10374
174, 25, 1, 45, 9, 0, 2.29%, 0, 0, 3, 3993.07, 625064, 10374
179, 26, 33, 45, 9, 0, 2.29%, 0, 0, 3, 3751.07, 643397, 10374
184, 26, 5, 45, 9, 0, 2.29%, 0, 0, 3, 3784.76, 662645, 10374
189, 27, 33, 45, 9, 0, 2.29%, 0, 0, 3, 3625.75, 681190, 10374
194, 28, 1, 45, 9, 0, 2.29%, 0, 0, 3, 4151.73, 703058, 10374
199, 28, 5, 45, 9, 0, 2.29%, 0, 0, 3, 3267.75, 719693, 10374
205, 29, 7, 45, 8, 0, 2.29%, 0, 0, 3, 3681.74, 739181, 10374
210, 30, 1, 45, 8, 0, 2.29%, 0, 0, 3, 3728.59, 757364, 10374
215, 30, 0, 45, 8, 0, 2.29%, 0, 0, 3, 3494.29, 774911, 10374
220, 31, 0, 45, 8, 0, 2.29%, 0, 0, 3, 3986.21, 794963, 10374
225, 32, 14, 45, 8, 0, 2.29%, 0, 0, 3, 3940.67, 814456, 10374
230, 33, 24, 45, 7, 0, 2.29%, 0, 0, 3, 4408.49, 838415, 10374
235, 34, 0, 45, 7, 0, 2.29%, 0, 0, 3, 3086.84, 856800, 10374
240, 35, 0, 45, 7, 0, 2.29%, 0, 0, 3, 3646.82, 876784, 10374
246, 35, 14, 45, 7, 0, 2.29%, 0, 0, 3, 4126.25, 898019, 10374
251, 36, 0, 45, 7, 0, 2.29%, 0, 0, 3, 3333.80, 914236, 10374
256, 37, 33, 45, 7, 0, 2.29%, 0, 0, 3, 3254.24, 931679, 10374
261, 37, 28, 45, 7, 0, 2.29%, 0, 0, 3, 3743.23, 948790, 10374
266, 38, 0, 45, 7, 0, 2.29%, 0, 0, 3, 4393.62, 971117, 10374
271, 39, 1, 45, 7, 0, 2.29%, 0, 0, 3, 4392.83, 992658, 10374
276, 40, 14, 45, 7, 0, 2.29%, 0, 0, 3, 3398.94, 1008452, 10374
281, 40, 1, 45, 7, 0, 2.29%, 0, 0, 3, 3795.25, 1027711, 10374
286, 41, 33, 45, 7, 0, 2.29%, 0, 0, 3, 3967.68, 1048410, 10374
291, 42, 0, 46, 8, 0, 2.29%, 0, 0, 3, 3536.71, 1065609, 10376
296, 42, 24, 46, 8, 0, 2.29%, 0, 0, 3, 3613.09, 1084145, 10376
302, 43, 18, 46, 8, 0, 2.29%, 0, 0, 3, 3643.98, 1103456, 10376
307, 44, 1, 46, 8, 0, 2.29%, 0, 0, 3, 3537.04, 1122132, 10376
312, 44, 33, 46, 8, 0, 2.29%, 0, 0, 3, 3539.08, 1140437, 10376
317, 45, 7, 46, 8, 0, 2.29%, 0, 0, 3, 3565.46, 1159208, 10376
322, 46, 33, 46, 8, 0, 2.29%, 0, 0, 3, 3367.94, 1175889, 10376
327, 46, 7, 46, 8, 0, 2.29%, 0, 0, 3, 3598.03, 1194101, 10376
332, 47, 1, 46, 8, 0, 2.29%, 0, 0, 3, 3807.78, 1214320, 10376
337, 48, 2, 46, 8, 0, 2.29%, 0, 0, 3, 3455.86, 1231032, 10376
342, 48, 0, 46, 7, 0, 2.29%, 0, 0, 3, 4006.22, 1250339, 10376
347, 49, 0, 46, 7, 0, 2.29%, 0, 0, 3, 3909.23, 1269694, 10376
352, 50, 0, 46, 7, 0, 2.29%, 0, 0, 3, 4119.22, 1288067, 10376
358, 51, 5, 46, 7, 0, 2.29%, 0, 0, 3, 3906.05, 1307865, 10376
363, 51, 24, 46, 6, 0, 2.29%, 0, 0, 3, 3365.85, 1324342, 10376
368, 52, 33, 46, 6, 0, 2.29%, 0, 0, 3, 3218.49, 1340264, 10376
373, 53, 33, 46, 6, 0, 2.29%, 0, 0, 3, 3094.20, 1355794, 10376
378, 53, 0, 46, 6, 0, 2.29%, 0, 0, 3, 3718.28, 1375214, 10376
383, 54, 0, 46, 6, 0, 2.29%, 0, 0, 3, 4400.76, 1396853, 10376
388, 55, 0, 46, 6, 0, 2.29%, 0, 0, 3, 4197.65, 1416600, 10376
393, 56, 24, 46, 6, 0, 2.29%, 0, 0, 3, 3744.71, 1434680, 10376
399, 56, 1, 46, 6, 0, 2.29%, 0, 0, 3, 3430.79, 1451505, 10376
404, 57, 5, 46, 5, 0, 2.29%, 0, 0, 3, 3836.82, 1471089, 10376
409, 58, 14, 46, 5, 0, 2.29%, 0, 0, 3, 3712.35, 1489919, 10376
414, 59, 7, 46, 5, 0, 2.29%, 0, 0, 3, 3233.65, 1506522, 10376
419, 59, 22, 46, 5, 0, 2.29%, 0, 0, 3, 3406.02, 1524088, 10376
424, 60, 33, 46, 5, 0, 2.29%, 0, 0, 3, 3582.51, 1544040, 10376
429, 61, 33, 46, 5, 0, 2.29%, 0, 0, 3, 3797.95, 1564212, 10376
434, 62, 14, 46, 4, 0, 2.29%, 0, 0, 3, 3791.06, 1581105, 10376
439, 62, 5, 46, 4, 0, 2.29%, 0, 0, 3, 4256.57, 1602863, 10376
444, 63, 0, 46, 4, 0, 2.29%, 0, 0, 3, 3397.56, 1618931, 10376
449, 64, 5, 46, 4, 0, 2.29%, 0, 0, 3, 3183.64, 1635086, 10376
455, 65, 0, 46, 4, 0, 2.29%, 0, 0, 3, 3429.72, 1652264, 10376
460, 65, 33, 46, 4, 0, 2.29%, 0, 0, 3, 2999.83, 1667537, 10376
465, 66, 5, 46, 4, 0, 2.29%, 0, 0, 3, 3047.81, 1683171, 10376
470, 67, 1, 46, 4, 0, 2.29%, 0, 0, 3, 3903.85, 1702859, 10376
475, 67, 24, 46, 4, 0, 2.29%, 0, 0, 3, 3983.54, 1724097, 10376
480, 68, 14, 46, 4, 0, 2.29%, 0, 0, 3, 4212.62, 1744805, 10376
485, 69, 33, 46, 4, 0, 2.29%, 0, 0, 3, 3541.08, 1760460, 10376
486, 69, 7, 46, 4, 0, 2.29%, 0, 0, 3, 3471.63, 1763776, 10376
547, 74, 23, 47, 19, 0, 2.29%, 0, 0, 2, 3865.71, 176886, 10375
552, 74, 24, 47, 17, 0, 2.29%, 0, 0, 2, 3473.66, 193876, 10375
557, 74, 27, 48, 18, 0, 2.29%, 0, 0, 2, 2936.45, 207920, 10385
562, 75, 41, 48, 18, 0, 2.29%, 0, 0, 2, 3676.17, 228087, 10385
567, 75, 32, 48, 17, 0, 2.29%, 0, 0, 2, 2337.16, 241355, 10385
573, 75, 40, 48, 17, 0, 2.29%, 0, 0, 2, 2434.16, 254785, 10385
578, 75, 12, 48, 17, 0, 2.29%, 0, 0, 2, 1725.10, 263033, 10385
583, 76, 12, 48, 17, 0, 2.29%, 0, 0, 2, 2757.81, 279469, 10385
588, 76, 12, 48, 16, 0, 2.29%, 0, 0, 2, 2987.17, 296117, 10385
593, 76, 40, 48, 15, 0, 2.29%, 0, 0, 2, 3857.75, 316587, 10385
598, 77, 12, 48, 15, 0, 2.29%, 0, 0, 2, 3381.08, 332020, 10385
603, 77, 32, 48, 15, 0, 2.29%, 0, 0, 2, 2924.23, 345622, 10385
609, 77, 23, 48, 14, 0, 2.29%, 0, 0, 2, 3212.18, 363401, 10385
614, 77, 12, 48, 14, 0, 2.29%, 0, 0, 2, 2887.47, 375636, 10385
619, 78, 12, 48, 14, 0, 2.29%, 0, 0, 2, 3492.58, 393698, 10385
624, 78, 12, 48, 14, 0, 2.29%, 0, 0, 2, 564.36, 407833, 10385
629, 78, 40, 48, 13, 0, 2.29%, 0, 0, 2, 4126.28, 423428, 10385
634, 79, 27, 48, 13, 0, 2.29%, 0, 0, 2, 3512.71, 437521, 10385
639, 79, 12, 48, 13, 0, 2.29%, 0, 0, 2, 588.90, 451922, 10385
644, 79, 23, 48, 13, 0, 2.29%, 0, 0, 2, 3360.86, 466644, 10385
649, 79, 12, 49, 14, 0, 2.29%, 0, 0, 2, 524.22, 480970, 10385
655, 80, 12, 49, 14, 0, 2.29%, 0, 0, 2, 3798.77, 491437, 10385
660, 80, 26, 49, 14, 0, 2.29%, 0, 0, 2, 3818.48, 509825, 10385
665, 80, 40, 49, 14, 0, 2.29%, 0, 0, 2, 1579.07, 526730, 10385
670, 80, 12, 49, 14, 0, 2.29%, 0, 0, 2, 1625.89, 534891, 10385
675, 81, 12, 49, 14, 0, 2.29%, 0, 0, 2, 2288.69, 547467, 10385
680, 81, 40, 49, 14, 0, 2.29%, 0, 0, 2, 2779.98, 561239, 10385
685, 81, 12, 49, 14, 0, 2.29%, 0, 0, 2, 3541.30, 580102, 10385
690, 81, 12, 49, 14, 0, 2.29%, 0, 0, 2, 2779.28, 593664, 10385
696, 82, 23, 49, 13, 0, 2.29%, 0, 0, 2, 3522.94, 608621, 10385
701, 82, 27, 49, 13, 0, 2.29%, 0, 0, 2, 4036.83, 629589, 10385
706, 82, 45, 49, 13, 0, 2.29%, 0, 0, 2, 4446.37, 646334, 10385
711, 83, 12, 49, 13, 0, 2.29%, 0, 0, 2, 3867.19, 665524, 10385
716, 83, 27, 49, 13, 0, 2.29%, 0, 0, 2, 1470.55, 673695, 10385
721, 83, 23, 49, 12, 0, 2.29%, 0, 0, 2, 2399.23, 688060, 10385
726, 84, 23, 49, 12, 0, 2.29%, 0, 0, 2, 3547.98, 704785, 10385
731, 84, 40, 49, 12, 0, 2.29%, 0, 0, 2, 2947.41, 718946, 10385
736, 84, 27, 49, 12, 0, 2.29%, 0, 0, 2, 3025.39, 734141, 10385
741, 84, 26, 49, 12, 0, 2.29%, 0, 0, 2, 3677.09, 752643, 10385
747, 85, 12, 49, 12, 0, 2.29%, 0, 0, 2, 3216.23, 767977, 10385
752, 85, 12, 49, 12, 0, 2.29%, 0, 0, 2, 1102.08, 778992, 10385
757, 85, 23, 49, 11, 0, 2.29%, 0, 0, 2, 2925.38, 794838, 10385
762, 86, 12, 49, 11, 0, 2.29%, 0, 0, 2, 3388.17, 813925, 10385
767, 86, 12, 49, 10, 0, 2.29%, 0, 0, 2, 2916.32, 828636, 10385
772, 86, 26, 49, 10, 0, 2.29%, 0, 0, 2, 3263.31, 843642, 10385
777, 87, 12, 49, 10, 0, 2.29%, 0, 0, 2, 3744.15, 862802, 10385
782, 87, 12, 49, 10, 0, 2.29%, 0, 0, 2, 3661.10, 881822, 10385
787, 87, 26, 49, 10, 0, 2.29%, 0, 0, 2, 3347.80, 895461, 10385
793, 87, 40, 49, 10, 0, 2.29%, 0, 0, 2, 3175.26, 909832, 10385
798, 88, 12, 49, 10, 0, 2.29%, 0, 0, 2, 635.46, 923708, 10385
803, 88, 12, 49, 10, 0, 2.29%, 0, 0, 2, 3940.69, 941670, 10385
808, 88, 12, 49, 10, 0, 2.29%, 0, 0, 2, 4175.33, 953380, 10385
813, 89, 12, 49, 10, 0, 2.29%, 0, 0, 2, 3786.38, 970805, 10385
818, 89, 40, 49, 10, 0, 2.29%, 0, 0, 2, 3131.45, 983512, 10385
823, 89, 12, 49, 10, 0, 2.29%, 0, 0, 2, 666.06, 996369, 10385
828, 89, 40, 49, 10, 0, 2.29%, 0, 0, 2, 3806.61, 1014862, 10385
833, 90, 12, 49, 10, 0, 2.29%, 0, 0, 2, 2794.49, 1026756, 10385
838, 90, 12, 49, 10, 0, 2.29%, 0, 0, 2, 566.51, 1040391, 10385
843, 90, 26, 49, 10, 0, 2.29%, 0, 0, 2, 2714.97, 1056510, 10385
848, 90, 12, 49, 10, 0, 2.29%, 0, 0, 2, 2883.47, 1071584, 10385
854, 91, 12, 49, 10, 0, 2.29%, 0, 0, 2, 4336.23, 1084435, 10385
859, 91, 26, 49, 10, 0, 2.29%, 0, 0, 2, 3642.39, 1098721, 10385
864, 91, 26, 49, 10, 0, 2.29%, 0, 0, 2, 4375.17, 1114348, 10385
869, 92, 12, 49, 10, 0, 2.29%, 0, 0, 2, 2741.65, 1126675, 10385
874, 92, 12, 49, 10, 0, 2.29%, 0, 0, 2, 602.74, 1142415, 10385
879, 92, 23, 49, 10, 0, 2.29%, 0, 0, 2, 1443.25, 1153134, 10385
884, 92, 27, 49, 10, 0, 2.29%, 0, 0, 2, 3423.04, 1172935, 10385
889, 93, 23, 49, 10, 0, 2.29%, 0, 0, 2, 2563.68, 1188302, 10385
894, 93, 40, 49, 10, 0, 2.29%, 0, 0, 2, 1374.48, 1201129, 10385
899, 93, 41, 49, 10, 0, 2.29%, 0, 0, 2, 1991.60, 1212875, 10385
905, 93, 41, 49, 10, 0, 2.29%, 0, 0, 2, 3319.32, 1230813, 10385
910, 94, 27, 49, 10, 0, 2.29%, 0, 0, 2, 4123.64, 1243524, 10385
915, 94, 12, 49, 10, 0, 2.29%, 0, 0, 2, 561.32, 1258927, 10385
920, 94, 12, 49, 10, 0, 2.29%, 0, 0, 2, 3614.87, 1269732, 10385
925, 94, 12, 49, 10, 0, 2.29%, 0, 0, 2, 3208.17, 1283376, 10385
930, 95, 12, 49, 10, 0, 2.29%, 0, 0, 2, 3509.04, 1300509, 10385
935, 95, 40, 49, 10, 0, 2.29%, 0, 0, 2, 3593.73, 1318817, 10385
941, 95, 26, 49, 10, 0, 2.29%, 0, 0, 2, 4328.89, 1334313, 10385
946, 96, 12, 49, 10, 0, 2.29%, 0, 0, 2, 3565.18, 1351649, 10385
951, 96, 12, 49, 10, 0, 2.29%, 0, 0, 2, 4347.50, 1365180, 10385
956, 96, 32, 49, 10, 0, 2.29%, 0, 0, 2, 3818.89, 1383290, 10385
961, 96, 26, 49, 10, 0, 2.29%, 0, 0, 2, 2152.32, 1396103, 10385
966, 97, 12, 49, 10, 0, 2.29%, 0, 0, 2, 2695.42, 1410797, 10385
972, 97, 12, 49, 10, 0, 2.29%, 0, 0, 2, 2969.07, 1426424, 10385
977, 97, 12, 49, 10, 0, 2.29%, 0, 0, 2, 2810.53, 1440584, 10385
982, 98, 41, 49, 10, 0, 2.29%, 0, 0, 2, 3642.83, 1459769, 10385
987, 98, 40, 49, 10, 0, 2.29%, 0, 0, 2, 3156.71, 1474169, 10385
992, 98, 41, 49, 10, 0, 2.29%, 0, 0, 2, 2894.06, 1485900, 10385
997, 98, 12, 49, 10, 0, 2.29%, 0, 0, 2, 3232.72, 1500902, 10385
1002, 99, 23, 49, 10, 0, 2.29%, 0, 0, 2, 3410.89, 1519457, 10385
1008, 99, 43, 49, 10, 0, 2.29%, 0, 0, 2, 3179.88, 1535341, 10385
1013, 99, 12, 49, 10, 0, 2.29%, 0, 0, 2, 3093.30, 1546640, 10385
1018, 99, 12, 49, 10, 0, 2.29%, 0, 0, 2, 828.78, 1561042, 10385
1023, 100, 26, 49, 10, 0, 2.29%, 0, 0, 2, 2372.05, 1573611, 10385
1028, 100, 40, 49, 10, 0, 2.29%, 0, 0, 2, 3373.08, 1590869, 10385
1033, 100, 26, 49, 10, 0, 2.29%, 0, 0, 2, 2908.97, 1603396, 10385
1038, 100, 26, 49, 10, 0, 2.29%, 0, 0, 2, 1924.99, 1615632, 10385
1043, 101, 12, 49, 10, 0, 2.29%, 0, 0, 2, 512.15, 1634234, 10385
1048, 101, 45, 49, 10, 0, 2.29%, 0, 0, 2, 3829.54, 1651941, 10385
1053, 101, 12, 49, 10, 0, 2.29%, 0, 0, 2, 2959.17, 1666526, 10385
1057, 102, 26, 49, 10, 0, 2.29%, 0, 0, 2, 3178.02, 1677564, 10385
1118, 106, 42, 63, 22, 0, 2.39%, 0, 0, 2, 2876.80, 1829723, 11072
1123, 106, 3, 63, 22, 0, 2.39%, 0, 0, 2, 4707.82, 1841390, 11072
1128, 106, 25, 63, 21, 0, 2.39%, 0, 0, 2, 3217.86, 1855909, 11072
1133, 106, 34, 63, 20, 0, 2.39%, 0, 0, 2, 2941.58, 1871270, 11072
1138, 106, 4, 63, 20, 0, 2.39%, 0, 0, 2, 1742.49, 1877313, 11072
1143, 107, 3, 63, 20, 0, 2.39%, 0, 0, 2, 2655.29, 1890873, 11072
1148, 107, 2, 63, 20, 0, 2.39%, 0, 0, 2, 560.15, 1902662, 11072
1154, 107, 42, 63, 19, 0, 2.39%, 0, 0, 2, 3267.10, 1919754, 11072
1159, 107, 6, 63, 18, 0, 2.39%, 0, 0, 2, 3537.62, 1929928, 11072
1164, 107, 4, 63, 18, 0, 2.39%, 0, 0, 2, 3495.66, 1941805, 11072
1169, 108, 4, 63, 18, 0, 2.39%, 0, 0, 2, 3090.25, 1956442, 11072
1174, 108, 25, 63, 17, 0, 2.39%, 0, 0, 2, 3714.20, 1977151, 11072
1179, 108, 44, 63, 16, 0, 2.39%, 0, 0, 2, 2342.83, 1990521, 11072
1184, 109, 22, 63, 16, 0, 2.39%, 0, 0, 2, 3129.96, 2006982, 11072
1190, 109, 22, 63, 16, 0, 2.39%, 0, 0, 2, 3179.98, 2023584, 11072
1195, 109, 42, 63, 16, 0, 2.39%, 0, 0, 2, 3821.66, 2044352, 11072
1200, 110, 17, 63, 16, 0, 2.39%, 0, 0, 2, 5614.00, 2058490, 11072
1205, 110, 3, 63, 16, 0, 2.39%, 0, 0, 2, 3829.69, 2075302, 11072
1210, 110, 6, 63, 16, 0, 2.39%, 0, 0, 2, 3711.56, 2095494, 11072
1215, 111, 34, 63, 16, 0, 2.39%, 0, 0, 2, 694.03, 2113387, 11072
1220, 111, 5, 63, 16, 0, 2.39%, 0, 0, 2, 2477.70, 2128785, 11072
1226, 111, 22, 63, 16, 0, 2.39%, 0, 0, 2, 2752.45, 2140113, 11072
1231, 111, 22, 63, 16, 0, 2.39%, 0, 0, 2, 2462.46, 2152690, 11072
1236, 111, 31, 63, 16, 0, 2.39%, 0, 0, 2, 1823.87, 2162086, 11072
1241, 112, 4, 63, 15, 0, 2.39%, 0, 0, 2, 2939.12, 2178901, 11072
1246, 112, 46, 63, 15, 0, 2.39%, 0, 0, 2, 3136.95, 2195763, 11072
1251, 112, 22, 63, 15, 0, 2.39%, 0, 0, 2, 3241.49, 2211649, 11072
1256, 113, 22, 63, 15, 0, 2.39%, 0, 0, 2, 3751.58, 2231746, 11072
1262, 113, 42, 63, 15, 0, 2.39%, 0, 0, 2, 3874.36, 2250257, 11072
1267, 114, 6, 63, 15, 0, 2.39%, 0, 0, 2, 3728.49, 2269763, 11072
1272, 114, 4, 63, 15, 0, 2.39%, 0, 0, 2, 3661.59, 2289992, 11072
1277, 114, 42, 63, 15, 0, 2.39%, 0, 0, 2, 4207.94, 2311964, 11072
1282, 115, 22, 63, 15, 0, 2.39%, 0, 0, 2, 3597.69, 2330525, 11072
1287, 115, 31, 63, 15, 0, 2.39%, 0, 0, 2, 2903.38, 2343449, 11072
1292, 115, 34, 63, 15, 0, 2.39%, 0, 0, 2, 513.86, 2359844, 11072
1298, 115, 54, 63, 14, 0, 2.39%, 0, 0, 2, 2066.82, 2371857, 11072
1303, 116, 6, 63, 14, 0, 2.39%, 0, 0, 2, 3354.13, 2390915, 11072
1308, 116, 6, 63, 14, 0, 2.39%, 0, 0, 2, 4034.31, 2412500, 11072
1313, 117, 6, 63, 13, 0, 2.39%, 0, 0, 2, 4132.63, 2431312, 11072
1318, 117, 52, 63, 13, 0, 2.39%, 0, 0, 2, 3668.67, 2450129, 11072
1323, 117, 3, 63, 12, 0, 2.39%, 0, 0, 2, 4226.54, 2468293, 11072
1328, 118, 6, 63, 12, 0, 2.39%, 0, 0, 2, 3988.49, 2488322, 11072
1333, 118, 22, 63, 12, 0, 2.39%, 0, 0, 2, 3973.57, 2500714, 11072
1339, 118, 3, 63, 12, 0, 2.39%, 0, 0, 2, 3610.65, 2511979, 11072
1344, 118, 6, 63, 12, 0, 2.39%, 0, 0, 2, 3217.46, 2527987, 11072
1349, 119, 6, 63, 12, 0, 2.39%, 0, 0, 2, 3443.33, 2546020, 11072
1354, 119, 34, 63, 12, 0, 2.39%, 0, 0, 2, 878.57, 2559543, 11072
1359, 119, 6, 63, 11, 0, 2.39%, 0, 0, 2, 1772.40, 2571156, 11072
1364, 119, 22, 63, 11, 0, 2.39%, 0, 0, 2, 3729.19, 2592483, 11072
1369, 120, 22, 63, 11, 0, 2.39%, 0, 0, 2, 3387.58, 2607499, 11072
1374, 120, 28, 63, 10, 0, 2.39%, 0, 0, 2, 596.15, 2629191, 11072
1379, 121, 5, 63, 8, 0, 2.39%, 0, 0, 2, 2671.32, 2651409, 11072
1384, 121, 4, 63, 8, 0, 2.39%, 0, 0, 2, 3215.69, 2668155, 11072
1389, 121, 5, 63, 8, 0, 2.39%, 0, 0, 2, 3255.04, 2684010, 11072
1395, 121, 22, 63, 8, 0, 2.39%, 0, 0, 2, 1261.71, 2695276, 11072
1400, 122, 25, 63, 8, 0, 2.39%, 0, 0, 2, 3429.01, 2714344, 11072
1405, 122, 42, 63, 8, 0, 2.39%, 0, 0, 2, 4002.43, 2734741, 11072
1410, 122, 42, 63, 8, 0, 2.39%, 0, 0, 2, 3950.37, 2755617, 11072
1415, 123, 25, 63, 8, 0, 2.39%, 0, 0, 2, 4143.31, 2776845, 11072
1420, 123, 42, 63, 8, 0, 2.39%, 0, 0, 2, 3988.54, 2795001, 11072
1425, 123, 2, 63, 8, 0, 2.39%, 0, 0, 2, 818.79, 2815136, 11072
1430, 124, 44, 63, 8, 0, 2.39%, 0, 0, 2, 2425.02, 2829080, 11072
1435, 124, 44, 63, 8, 0, 2.39%, 0, 0, 2, 2491.97, 2842829, 11072
1440, 124, 4, 63, 7, 0, 2.39%, 0, 0, 2, 2979.81, 2858685, 11072
1445, 124, 3, 63, 7, 0, 2.39%, 0, 0, 2, 2879.02, 2872766, 11072
1451, 125, 2, 63, 7, 0, 2.39%, 0, 0, 2, 351.60, 2884273, 11072
1456, 125, 6, 63, 7, 0, 2.39%, 0, 0, 2, 4072.40, 2896710, 11072
1461, 125, 6, 63, 7, 0, 2.39%, 0, 0, 2, 3613.20, 2913719, 11072
1466, 125, 22, 63, 7, 0, 2.39%, 0, 0, 2, 2413.98, 2924220, 11072
1471, 125, 58, 63, 7, 0, 2.39%, 0, 0, 2, 2727.32, 2938211, 11072
1476, 126, 22, 63, 7, 0, 2.39%, 0, 0, 2, 3040.14, 2954488, 11072
1481, 126, 4, 63, 7, 0, 2.39%, 0, 0, 2, 3226.41, 2970357, 11072
1486, 126, 34, 63, 7, 0, 2.39%, 0, 0, 2, 598.10, 2978184, 11072
1491, 126, 6, 63, 7, 0, 2.39%, 0, 0, 2, 5304.76, 2993094, 11072
1496, 127, 22, 63, 7, 0, 2.39%, 0, 0, 2, 2131.07, 3006707, 11072
1502, 127, 22, 63, 7, 0, 2.39%, 0, 0, 2, 2068.75, 3017341, 11072
1507, 127, 12, 63, 7, 0, 2.39%, 0, 0, 2, 354.07, 3027422, 11072
1512, 127, 6, 63, 7, 0, 2.39%, 0, 0, 2, 2415.95, 3039402, 11072
1517, 128, 2, 63, 7, 0, 2.39%, 0, 0, 2, 2415.33, 3051761, 11072
1522, 128, 4, 63, 7, 0, 2.39%, 0, 0, 2, 3549.61, 3070304, 11072
1527, 128, 22, 63, 7, 0, 2.39%, 0, 0, 2, 3967.57, 3091655, 11072
1532, 129, 42, 63, 7, 0, 2.39%, 0, 0, 2, 3663.52, 3110074, 11072
1537, 129, 31, 63, 7, 0, 2.39%, 0, 0, 2, 3231.56, 3127785, 11072
1542, 129, 42, 63, 7, 0, 2.39%, 0, 0, 2, 4026.66, 3147218, 11072
1548, 130, 42, 63, 7, 0, 2.39%, 0, 0, 2, 5106.48, 3165264, 11072
1553, 130, 25, 63, 7, 0, 2.39%, 0, 0, 2, 4413.47, 3185908, 11072
1558, 130, 42, 63, 7, 0, 2.39%, 0, 0, 2, 4020.12, 3206362, 11072
1563, 131, 44, 63, 7, 0, 2.39%, 0, 0, 2, 694.74, 3222748, 11072
1568, 131, 6, 63, 7, 0, 2.39%, 0, 0, 2, 3998.65, 3240093, 11072
1573, 131, 6, 63, 7, 0, 2.39%, 0, 0, 2, 3105.64, 3254906, 11072
1578, 131, 42, 63, 7, 0, 2.39%, 0, 0, 2, 3823.47, 3268250, 11072
1583, 132, 6, 63, 7, 0, 2.39%, 0, 0, 2, 3928.43, 3289044, 11072
1588, 132, 4, 63, 7, 0, 2.39%, 0, 0, 2, 3266.09, 3302819, 11072
1594, 132, 4, 63, 7, 0, 2.39%, 0, 0, 2, 4097.27, 3323565, 11072
1599, 133, 25, 63, 7, 0, 2.39%, 0, 0, 2, 4311.34, 3343881, 11072
1604, 133, 6, 63, 7, 0, 2.39%, 0, 0, 2, 3859.28, 3361394, 11072
1609, 133, 4, 63, 7, 0, 2.39%, 0, 0, 2, 3827.26, 3380749, 11072
1614, 134, 22, 63, 7, 0, 2.39%, 0, 0, 2, 3627.93, 3399642, 11072
1619, 134, 31, 63, 7, 0, 2.39%, 0, 0, 2, 3422.55, 3417424, 11072
1624, 135, 6, 63, 7, 0, 2.39%, 0, 0, 2, 3406.70, 3435571, 11072
1629, 135, 22, 63, 7, 0, 2.39%, 0, 0, 2, 5155.31, 3452572, 11072
1634, 135, 6, 63, 7, 0, 2.39%, 0, 0, 2, 4404.69, 3473078, 11072
1639, 136, 54, 63, 7, 0, 2.39%, 0, 0, 2, 1405.78, 3488083, 11072
1644, 136, 6, 63, 7, 0, 2.39%, 0, 0, 2, 3336.77, 3507005, 11072
1649, 136, 5, 63, 7, 0, 2.39%, 0, 0, 2, 4082.15, 3527338, 11072
1655, 137, 5, 63, 7, 0, 2.39%, 0, 0, 2, 3992.28, 3547143, 11072
1660, 137, 25, 63, 6, 0, 2.39%, 0, 0, 2, 3825.64, 3565968, 11072
1665, 137, 6, 63, 6, 0, 2.39%, 0, 0, 2, 3612.93, 3582900, 11072
1670, 138, 25, 63, 6, 0, 2.39%, 0, 0, 2, 3880.41, 3602113, 11072
1675, 138, 4, 63, 6, 0, 2.39%, 0, 0, 2, 3858.53, 3621527, 11072
1680, 138, 58, 63, 6, 0, 2.39%, 0, 0, 2, 4339.72, 3642969, 11072
1685, 139, 6, 63, 6, 0, 2.39%, 0, 0, 2, 1769.43, 3663630, 11072
1690, 139, 4, 63, 6, 0, 2.39%, 0, 0, 2, 3774.24, 3684275, 11072
1695, 140, 42, 63, 6, 0, 2.39%, 0, 0, 2, 3567.28, 3702399, 11072
1701, 140, 42, 63, 6, 0, 2.39%, 0, 0, 2, 4078.51, 3724132, 11072
1706, 140, 42, 63, 6, 0, 2.39%, 0, 0, 2, 3872.36, 3744449, 11072
1711, 141, 42, 63, 6, 0, 2.39%, 0, 0, 2, 4283.85, 3767493, 11072
1716, 141, 5, 63, 6, 0, 2.39%, 0, 0, 2, 3891.47, 3781580, 11072
1721, 141, 25, 63, 6, 0, 2.39%, 0, 0, 2, 3814.93, 3801338, 11072
1726, 142, 25, 63, 6, 0, 2.39%, 0, 0, 2, 4248.76, 3818584, 11072
1731, 142, 44, 63, 6, 0, 2.39%, 0, 0, 2, 973.58, 3834476, 11072
1736, 142, 25, 63, 6, 0, 2.39%, 0, 0, 2, 3435.49, 3854666, 11072
1741, 142, 6, 63, 6, 0, 2.39%, 0, 0, 2, 3176.48, 3868119, 11072
1746, 143, 6, 63, 6, 0, 2.39%, 0, 0, 2, 3830.60, 3886982, 11072
1751, 143, 25, 63, 6, 0, 2.39%, 0, 0, 2, 4310.12, 3908928, 11072
1757, 143, 42, 63, 6, 0, 2.39%, 0, 0, 2, 3753.34, 3927012, 11072
1762, 144, 3, 63, 6, 0, 2.39%, 0, 0, 2, 3253.10, 3944280, 11072
1767, 144, 6, 63, 6, 0, 2.39%, 0, 0, 2, 2973.53, 3961558, 11072
1772, 144, 31, 63, 6, 0, 2.39%, 0, 0, 2, 858.35, 3974482, 11072
1777, 145, 31, 63, 6, 0, 2.39%, 0, 0, 2, 3081.26, 3993998, 11072
1782, 145, 6, 63, 6, 0, 2.39%, 0, 0, 2, 3972.31, 4015073, 11072
1787, 145, 6, 63, 6, 0, 2.39%, 0, 0, 2, 3794.38, 4034166, 11072
1792, 146, 4, 63, 6, 0, 2.39%, 0, 0, 2, 4258.64, 4054976, 11072
1798, 146, 31, 63, 6, 0, 2.39%, 0, 0, 2, 622.97, 4071160, 11072
1803, 146, 6, 63, 6, 0, 2.39%, 0, 0, 2, 4303.87, 4091514, 11072
1808, 147, 6, 63, 6, 0, 2.39%, 0, 0, 2, 4442.05, 4113941, 11072
1813, 147, 42, 63, 6, 0, 2.39%, 0, 0, 2, 4371.13, 4135761, 11072
1818, 148, 2, 63, 6, 0, 2.39%, 0, 0, 2, 3875.37, 4156220, 11072
1823, 148, 6, 63, 6, 0, 2.39%, 0, 0, 2, 4372.92, 4178318, 11072
1828, 148, 29, 63, 6, 0, 2.39%, 0, 0, 2, 3413.59, 4193672, 11072
1833, 149, 18, 63, 6, 0, 2.39%, 0, 0, 2, 3951.90, 4213613, 11072
1838, 149, 6, 63, 6, 0, 2.39%, 0, 0, 2, 4294.13, 4234609, 11072
1844, 149, 6, 63, 6, 0, 2.39%, 0, 0, 2, 4142.48, 4255432, 11072
1849, 150, 34, 63, 6, 0, 2.39%, 0, 0, 2, 643.13, 4274989, 11072
1854, 150, 42, 63, 6, 0, 2.39%, 0, 0, 2, 5919.62, 4295327, 11072
1859, 151, 6, 63, 6, 0, 2.39%, 0, 0, 2, 4409.39, 4315016, 11072
1864, 151, 42, 63, 6, 0, 2.39%, 0, 0, 2, 3949.78, 4335285, 11072
1869, 151, 22, 63, 6, 0, 2.39%, 0, 0, 2, 4244.28, 4356603, 11072
1874, 152, 6, 63, 6, 0, 2.39%, 0, 0, 2, 4144.15, 4377028, 11072
1879, 152, 42, 63, 6, 0, 2.39%, 0, 0, 2, 3585.23, 4394156, 11072
1884, 152, 6, 63, 6, 0, 2.39%, 0, 0, 2, 4097.88, 4416379, 11072
1890, 153, 6, 64, 7, 0, 2.39%, 0, 0, 2, 3608.07, 4433301, 11072
1895, 153, 25, 64, 7, 0, 2.39%, 0, 0, 2, 3625.61, 4451803, 11072
1900, 153, 4, 64, 7, 0, 2.39%, 0, 0, 2, 3917.64, 4472232, 11072
1905, 154, 4, 64, 7, 0, 2.39%, 0, 0, 2, 3932.08, 4492294, 11072
1910, 154, 25, 64, 7, 0, 2.39%, 0, 0, 2, 4290.21, 4514207, 11072
1915, 154, 22, 64, 7, 0, 2.39%, 0, 0, 2, 3671.50, 4531686, 11072
1921, 155, 4, 64, 7, 0, 2.39%, 0, 0, 2, 3075.87, 4547527, 11072
1926, 155, 42, 64, 7, 0, 2.39%, 0, 0, 2, 3427.73, 4566820, 11072
1931, 155, 25, 64, 7, 0, 2.39%, 0, 0, 2, 5114.70, 4582757, 11072
1936, 156, 6, 64, 7, 0, 2.39%, 0, 0, 2, 4518.41, 4606175, 11072
1941, 156, 2, 64, 7, 0, 2.39%, 0, 0, 2, 892.79, 4623547, 11072
1946, 156, 42, 64, 7, 0, 2.39%, 0, 0, 2, 2747.43, 4638110, 11072
1951, 157, 46, 64, 7, 0, 2.39%, 0, 0, 2, 2976.38, 4654426, 11072
1957, 157, 44, 64, 7, 0, 2.39%, 0, 0, 2, 479.98, 4667780, 11072
1962, 157, 44, 64, 7, 0, 2.39%, 0, 0, 2, 367.89, 4676762, 11072
1967, 157, 6, 64, 7, 0, 2.39%, 0, 0, 2, 3860.25, 4694204, 11072
1972, 157, 44, 64, 7, 0, 2.39%, 0, 0, 2, 3604.44, 4706145, 11072
1977, 158, 4, 64, 6, 0, 2.39%, 0, 0, 2, 3206.55, 4722978, 11072
1982, 158, 53, 64, 6, 0, 2.39%, 0, 0, 2, 3727.17, 4741979, 11072
2316, 158, 6, 64, 6, 0, 2.39%, 0, 0, 2, 3.21, 4747220, 11072
2321, 159, 34, 64, 5, 0, 2.39%, 0, 0, 2, 3420.57, 4765849, 11072
2326, 159, 58, 64, 5, 0, 2.39%, 0, 0, 2, 3804.66, 4784294, 11072
2331, 159, 42, 64, 5, 0, 2.39%, 0, 0, 2, 4361.82, 4807823, 11072
2336, 160, 5, 64, 5, 0, 2.39%, 0, 0, 2, 864.38, 4829311, 11072
2342, 160, 3, 64, 5, 0, 2.39%, 0, 0, 2, 4200.59, 4848993, 11072
2347, 160, 22, 64, 5, 0, 2.39%, 0, 0, 2, 3780.96, 4868274, 11072
3391, 160, 4, 64, 5, 0, 2.39%, 0, 0, 2, 0.21, 4874172, 11072
4372, 161, 42, 64, 5, 0, 2.39%, 0, 0, 2, 0.84, 4898292, 11072
4377, 161, 3, 64, 5, 0, 2.39%, 0, 0, 2, 4334.95, 4918517, 11072
5336, 161, 3, 64, 5, 0, 2.39%, 0, 0, 2, 0.36, 4918862, 11072
6246, 161, 44, 64, 5, 0, 2.39%, 0, 0, 2, 0.25, 4934994, 11072
7308, 162, 4, 64, 5, 0, 2.39%, 0, 0, 2, 0.98, 4954317, 11072
7313, 162, 42, 64, 5, 0, 2.39%, 0, 0, 2, 3677.72, 4975451, 11072
8231, 162, 5, 64, 5, 0, 2.39%, 0, 0, 2, 0.93, 4976300, 11072
9237, 163, 42, 64, 5, 0, 2.39%, 0, 0, 2, 0.78, 4997457, 11072
9242, 163, 4, 64, 5, 0, 2.39%, 0, 0, 2, 4085.60, 5019635, 11072
10178, 163, 25, 64, 5, 0, 2.39%, 0, 0, 2, 0.84, 5026533, 11072
10183, 164, 22, 64, 5, 0, 2.39%, 0, 0, 2, 3794.34, 5046784, 11072
11183, 164, 22, 64, 5, 0, 2.39%, 0, 0, 2, 0.13, 5046913, 11072
11188, 164, 34, 64, 5, 0, 2.39%, 0, 0, 2, 555.41, 5060772, 11072
12189, 164, 34, 64, 5, 0, 2.39%, 0, 0, 2, 0.02, 5060794, 11072
12898, 164, 22, 64, 5, 0, 2.39%, 0, 0, 2, 0.43, 5081686, 11072
12903, 164, 4, 64, 5, 0, 2.39%, 0, 0, 2, 5049.84, 5097485, 11072
13855, 165, 6, 64, 5, 0, 2.39%, 0, 0, 2, 0.32, 5104716, 11072
14850, 165, 6, 64, 5, 0, 2.39%, 0, 0, 2, 0.52, 5129263, 11072
15888, 165, 6, 64, 5, 0, 2.39%, 0, 0, 2, 0.83, 5151250, 11072
15893, 166, 25, 64, 5, 0, 2.39%, 0, 0, 2, 3922.12, 5172444, 11072
16558, 166, 25, 64, 5, 0, 2.39%, 0, 0, 2, 0.58, 5172831, 11072
16563, 166, 46, 64, 5, 0, 2.39%, 0, 0, 2, 3920.49, 5193664, 11072
16568, 166, 5, 64, 5, 0, 2.39%, 0, 0, 2, 3949.07, 5212421, 11072
17491, 166, 3, 64, 5, 0, 2.39%, 0, 0, 2, 0.64, 5215528, 11072
18469, 167, 6, 64, 5, 0, 2.39%, 0, 0, 2, 0.88, 5236917, 11072
19391, 167, 4, 64, 5, 0, 2.39%, 0, 0, 2, 1.17, 5258980, 11072
19396, 167, 34, 64, 5, 0, 2.39%, 0, 0, 2, 707.26, 5277046, 11072
20013, 167, 34, 64, 5, 0, 2.39%, 0, 0, 2, 0.04, 5277068, 11072
20018, 168, 22, 64, 5, 0, 2.39%, 0, 0, 2, 3194.34, 5293495, 11072
20218, 168, 5, 64, 5, 0, 2.39%, 0, 0, 2, 1.75, 5299136, 11072
20223, 168, 22, 64, 5, 0, 2.39%, 0, 0, 2, 3608.55, 5316294, 11072
21292, 168, 4, 64, 5, 0, 2.39%, 0, 0, 2, 0.08, 5325459, 11072
22255, 169, 34, 64, 5, 0, 2.39%, 0, 0, 2, 0.22, 5340223, 11072
23791, 169, 6, 64, 5, 0, 2.39%, 0, 0, 2, 0.56, 5362046, 11072
23878, 169, 31, 64, 5, 0, 2.39%, 0, 0, 2, 7.72, 5383317, 11072
23883, 170, 25, 64, 5, 0, 2.39%, 0, 0, 2, 3835.34, 5400089, 11072
24892, 170, 34, 64, 5, 0, 2.39%, 0, 0, 2, 0.10, 5403630, 11072
24897, 170, 44, 64, 5, 0, 2.39%, 0, 0, 2, 515.75, 5419840, 11072
25903, 170, 44, 64, 5, 0, 2.39%, 0, 0, 2, 0.02, 5419862, 11072
26962, 170, 42, 64, 5, 0, 2.39%, 0, 0, 2, 0.62, 5439177, 11072
27985, 171, 22, 64, 5, 0, 2.39%, 0, 0, 2, 0.59, 5458797, 11072
27990, 171, 6, 64, 5, 0, 2.39%, 0, 0, 2, 3419.58, 5477914, 11072
29009, 171, 3, 64, 5, 0, 2.39%, 0, 0, 2, 0.44, 5478359, 11072
29014, 171, 22, 64, 5, 0, 2.39%, 0, 0, 2, 3589.16, 5499311, 11072
29501, 171, 22, 64, 5, 0, 2.39%, 0, 0, 2, 0.26, 5499440, 11072
29506, 172, 34, 64, 5, 0, 2.39%, 0, 0, 2, 550.15, 5511628, 11072
29511, 172, 6, 64, 5, 0, 2.39%, 0, 0, 2, 3386.59, 5522702, 11072
30543, 172, 42, 64, 5, 0, 2.39%, 0, 0, 2, 0.04, 5532934, 11072
31454, 172, 6, 64, 5, 0, 2.39%, 0, 0, 2, 0.39, 5554498, 11072
31459, 173, 22, 64, 5, 0, 2.39%, 0, 0, 2, 3557.41, 5572602, 11072
32511, 173, 22, 64, 5, 0, 2.39%, 0, 0, 2, 0.37, 5572988, 11072
32516, 173, 22, 64, 5, 0, 2.39%, 0, 0, 2, 3649.19, 5592053, 11072
33468, 173, 22, 64, 5, 0, 2.39%, 0, 0, 2, 0.22, 5592267, 11072
34641, 173, 25, 64, 5, 0, 2.39%, 0, 0, 2, 0.59, 5613201, 11072
35606, 174, 44, 64, 5, 0, 2.39%, 0, 0, 2, 0.17, 5634285, 11072
36524, 174, 6, 64, 5, 0, 2.39%, 0, 0, 2, 0.59, 5647310, 11072
37588, 174, 25, 64, 5, 0, 2.39%, 0, 0, 2, 0.57, 5667217, 11072
37593, 175, 4, 64, 5, 0, 2.39%, 0, 0, 2, 3712.60, 5687227, 11072
38654, 175, 4, 64, 5, 0, 2.39%, 0, 0, 2, 0.28, 5687528, 11072
38659, 175, 4, 64, 5, 0, 2.39%, 0, 0, 2, 3734.00, 5707094, 11072
39662, 175, 4, 64, 5, 0, 2.39%, 0, 0, 2, 0.13, 5707223, 11072
40649, 175, 27, 64, 5, 0, 2.39%, 0, 0, 2, 0.49, 5723445, 11072
41827, 176, 22, 64, 5, 0, 2.39%, 0, 0, 2, 0.05, 5745000, 11072
41832, 176, 25, 64, 5, 0, 2.39%, 0, 0, 2, 3110.58, 5762989, 11072
41837, 176, 31, 64, 5, 0, 2.39%, 0, 0, 2, 4527.79, 5787580, 11072
41842, 177, 42, 64, 5, 0, 2.39%, 0, 0, 2, 4316.72, 5808944, 11072
41848, 177, 22, 64, 5, 0, 2.39%, 0, 0, 2, 4805.99, 5826393, 11072
41853, 178, 6, 64, 5, 0, 2.39%, 0, 0, 2, 4139.43, 5846195, 11072
42887, 178, 22, 64, 5, 0, 2.39%, 0, 0, 2, 0.40, 5847686, 11072
43962, 178, 3, 64, 5, 0, 2.39%, 0, 0, 2, 0.46, 5866212, 11072
45016, 178, 4, 64, 5, 0, 2.39%, 0, 0, 2, 0.49, 5885916, 11072
45021, 178, 31, 64, 5, 0, 2.39%, 0, 0, 2, 3269.51, 5904113, 11072
46015, 179, 42, 64, 5, 0, 2.39%, 0, 0, 2, 0.33, 5904440, 11072
47052, 179, 6, 64, 5, 0, 2.39%, 0, 0, 2, 0.25, 5922339, 11072
48131, 179, 6, 64, 5, 0, 2.39%, 0, 0, 2, 0.16, 5939891, 11072
49051, 179, 44, 64, 5, 0, 2.39%, 0, 0, 2, 0.07, 5955127, 11072
49594, 180, 6, 64, 5, 0, 2.39%, 0, 0, 2, 0.96, 5976841, 11072
49599, 180, 3, 64, 5, 0, 2.39%, 0, 0, 2, 4167.39, 5999561, 11072
50511, 180, 31, 64, 5, 0, 2.39%, 0, 0, 2, 0.12, 6006987, 11072
51585, 181, 3, 64, 5, 0, 2.39%, 0, 0, 2, 0.96, 6024445, 11072
51590, 181, 34, 64, 5, 0, 2.39%, 0, 0, 2, 3395.02, 6042497, 11072
51673, 181, 34, 64, 5, 0, 2.39%, 0, 0, 2, 3.09, 6042753, 11072
51678, 181, 34, 64, 5, 0, 2.39%, 0, 0, 2, 517.41, 6057031, 11072
52718, 181, 22, 64, 5, 0, 2.39%, 0, 0, 2, 0.33, 6072356, 11072
52723, 182, 4, 64, 5, 0, 2.39%, 0, 0, 2, 3337.14, 6091237, 11072
53652, 182, 25, 64, 5, 0, 2.39%, 0, 0, 2, 0.75, 6091932, 11072
54641, 182, 25, 64, 5, 0, 2.39%, 0, 0, 2, 0.83, 6112634, 11072
55597, 183, 4, 64, 5, 0, 2.39%, 0, 0, 2, 1.39, 6133941, 11072
55602, 183, 22, 64, 5, 0, 2.39%, 0, 0, 2, 2673.53, 6145444, 11072
56573, 183, 22, 64, 5, 0, 2.39%, 0, 0, 2, 0.13, 6145573, 11072
56578, 183, 6, 64, 5, 0, 2.39%, 0, 0, 2, 3569.80, 6164980, 11072
57535, 183, 6, 64, 5, 0, 2.39%, 0, 0, 2, 0.04, 6165023, 11072
58504, 183, 34, 64, 5, 0, 2.39%, 0, 0, 2, 0.38, 6179657, 11072
58934, 184, 42, 64, 5, 0, 2.39%, 0, 0, 2, 1.80, 6200676, 11072
58939, 184, 22, 64, 5, 0, 2.39%, 0, 0, 2, 3463.66, 6218673, 11072
59840, 184, 22, 64, 5, 0, 2.39%, 0, 0, 2, 0.19, 6228218, 11072
59845, 184, 44, 64, 5, 0, 2.39%, 0, 0, 2, 3335.62, 6240801, 11072
60798, 184, 44, 64, 5, 0, 2.39%, 0, 0, 2, 0.12, 6240915, 11072
61739, 185, 5, 64, 5, 0, 2.39%, 0, 0, 2, 0.85, 6255885, 11072
62595, 185, 39, 64, 5, 0, 2.39%, 0, 0, 2, 0.65, 6276337, 11072
62600, 185, 4, 64, 5, 0, 2.39%, 0, 0, 2, 3706.47, 6295313, 11072
62607, 186, 4, 64, 5, 0, 2.39%, 0, 0, 2, 18.66, 6306143, 11072
62612, 186, 6, 64, 5, 0, 2.39%, 0, 0, 2, 3918.64, 6326775, 11072
63676, 186, 58, 64, 5, 0, 2.39%, 0, 0, 2, 0.93, 6337456, 11072
63681, 186, 6, 64, 5, 0, 2.39%, 0, 0, 2, 3838.36, 6356989, 11072
64618, 186, 6, 64, 5, 0, 2.39%, 0, 0, 2, 0.23, 6357204, 11072
65696, 187, 31, 64, 5, 0, 2.39%, 0, 0, 2, 0.21, 6380198, 11072
66082, 187, 6, 64, 5, 0, 2.39%, 0, 0, 2, 1.93, 6397756, 11072
66087, 188, 22, 64, 5, 0, 2.39%, 0, 0, 2, 4217.10, 6420077, 11072
66256, 188, 22, 64, 5, 0, 2.39%, 0, 0, 2, 4.39, 6427958, 11072
66261, 188, 46, 64, 5, 0, 2.39%, 0, 0, 2, 3157.51, 6445909, 11072
67200, 188, 22, 64, 5, 0, 2.39%, 0, 0, 2, 0.09, 6453839, 11072
68143, 189, 4, 64, 5, 0, 2.39%, 0, 0, 2, 0.87, 6473726, 11072
68148, 189, 46, 64, 5, 0, 2.39%, 0, 0, 2, 567.28, 6486378, 11072
69100, 189, 46, 64, 5, 0, 2.39%, 0, 0, 2, 0.01, 6486389, 11072
69917, 189, 4, 64, 5, 0, 2.39%, 0, 0, 2, 0.97, 6503192, 11072
69922, 189, 4, 64, 5, 0, 2.39%, 0, 0, 2, 3344.78, 6520700, 11072
70928, 189, 6, 64, 5, 0, 2.39%, 0, 0, 2, 0.39, 6528794, 11072
71911, 190, 44, 64, 5, 0, 2.39%, 0, 0, 2, 1.20, 6549578, 11072
72875, 190, 44, 64, 5, 0, 2.39%, 0, 0, 2, 0.49, 6563913, 11072
73578, 190, 5, 64, 5, 0, 2.39%, 0, 0, 2, 0.52, 6581510, 11072
73583, 191, 6, 64, 5, 0, 2.39%, 0, 0, 2, 2625.41, 6596084, 11072
74516, 191, 3, 64, 5, 0, 2.39%, 0, 0, 2, 0.30, 6605447, 11072
75508, 191, 24, 64, 5, 0, 2.39%, 0, 0, 2, 0.11, 6624262, 11072
76542, 192, 6, 64, 5, 0, 2.39%, 0, 0, 2, 0.64, 6646182, 11072
77239, 192, 6, 64, 5, 0, 2.39%, 0, 0, 2, 0.50, 6668236, 11072
77244, 192, 4, 64, 5, 0, 2.39%, 0, 0, 2, 855.19, 6681773, 11072
78244, 192, 4, 64, 5, 0, 2.39%, 0, 0, 2, 0.51, 6690368, 11072
78249, 193, 22, 64, 5, 0, 2.39%, 0, 0, 2, 3817.86, 6711462, 11072
79175, 193, 4, 64, 5, 0, 2.39%, 0, 0, 2, 0.33, 6711767, 11072
79180, 193, 6, 64, 5, 0, 2.39%, 0, 0, 2, 3551.72, 6730608, 11072
80106, 193, 5, 64, 5, 0, 2.39%, 0, 0, 2, 0.69, 6739208, 11072
80900, 194, 5, 64, 5, 0, 2.39%, 0, 0, 2, 0.86, 6759806, 11072
80905, 194, 6, 64, 5, 0, 2.39%, 0, 0, 2, 3551.74, 6779224, 11072
80910, 194, 34, 64, 5, 0, 2.39%, 0, 0, 2, 504.48, 6793303, 11072
81811, 194, 42, 64, 5, 0, 2.39%, 0, 0, 2, 0.53, 6797377, 11072
82801, 195, 3, 64, 5, 0, 2.39%, 0, 0, 2, 1.22, 6817456, 11072
83739, 195, 44, 64, 5, 0, 2.39%, 0, 0, 2, 0.24, 6838772, 11072
84561, 195, 4, 64, 5, 0, 2.39%, 0, 0, 2, 1.08, 6858678, 11072
84566, 196, 42, 64, 5, 0, 2.39%, 0, 0, 2, 2859.61, 6872625, 11072
85540, 196, 25, 64, 5, 0, 2.39%, 0, 0, 2, 0.28, 6881179, 11072
86593, 196, 22, 64, 5, 0, 2.39%, 0, 0, 2, 0.33, 6896837, 11072
86598, 196, 22, 64, 5, 0, 2.39%, 0, 0, 2, 3140.64, 6912670, 11072
87551, 196, 22, 64, 5, 0, 2.39%, 0, 0, 2, 0.05, 6912713, 11072
88222, 197, 6, 64, 5, 0, 2.39%, 0, 0, 2, 0.45, 6931676, 11072
88227, 197, 42, 64, 5, 0, 2.39%, 0, 0, 2, 3743.05, 6951860, 11072
88355, 197, 25, 64, 5, 0, 2.39%, 0, 0, 2, 3.78, 6963693, 11072
88360, 198, 6, 64, 5, 0, 2.39%, 0, 0, 2, 3126.25, 6980778, 11072
89336, 198, 6, 64, 5, 0, 2.39%, 0, 0, 2, 0.09, 6990421, 11072
89341, 198, 58, 64, 5, 0, 2.39%, 0, 0, 2, 3294.58, 7008183, 11072
90356, 198, 6, 64, 5, 0, 2.39%, 0, 0, 2, 0.41, 7008601, 11072
91409, 198, 25, 64, 5, 0, 2.39%, 0, 0, 2, 0.86, 7025000, 11072
91883, 199, 42, 64, 5, 0, 2.39%, 0, 0, 2, 1.74, 7044285, 11072
91888, 199, 4, 64, 5, 0, 2.39%, 0, 0, 2, 3674.12, 7064363, 11072
91894, 199, 6, 64, 5, 0, 2.39%, 0, 0, 2, 4170.58, 7081147, 11072
91899, 200, 6, 64, 5, 0, 2.39%, 0, 0, 2, 4060.48, 7100221, 11072
92804, 200, 22, 64, 5, 0, 2.39%, 0, 0, 2, 1.01, 7106925, 11072
93873, 200, 22, 64, 5, 0, 2.39%, 0, 0, 2, 0.00, 7108595, 11072
94836, 200, 5, 64, 5, 0, 2.39%, 0, 0, 2, 0.57, 7120956, 11072
94841, 200, 31, 64, 5, 0, 2.39%, 0, 0, 2, 2618.93, 7132089, 11072
95544, 200, 31, 64, 5, 0, 2.39%, 0, 0, 2, 0.37, 7132349, 11072
95549, 200, 31, 64, 5, 0, 2.39%, 0, 0, 2, 2970.00, 7139956, 11072
96516, 201, 6, 64, 5, 0, 2.39%, 0, 0, 2, 0.14, 7148058, 11072
96521, 201, 31, 64, 5, 0, 2.39%, 0, 0, 2, 3573.35, 7165343, 11072
97451, 201, 31, 64, 5, 0, 2.39%, 0, 0, 2, 0.07, 7165411, 11072
97456, 201, 22, 64, 5, 0, 2.39%, 0, 0, 2, 3559.18, 7184111, 11072
98484, 201, 22, 64, 5, 0, 2.39%, 0, 0, 2, 0.17, 7184283, 11072
98489, 201, 34, 64, 5, 0, 2.39%, 0, 0, 2, 555.56, 7196441, 11072
99205, 201, 34, 64, 5, 0, 2.39%, 0, 0, 2, 0.02, 7196457, 11072
99210, 202, 3, 64, 5, 0, 2.39%, 0, 0, 2, 3513.43, 7213878, 11072
100179, 202, 3, 64, 5, 0, 2.39%, 0, 0, 2, 1.16, 7223606, 11072
100184, 202, 22, 64, 5, 0, 2.39%, 0, 0, 2, 3422.25, 7241235, 11072
101209, 202, 22, 64, 5, 0, 2.39%, 0, 0, 2, 0.25, 7241487, 11072
101214, 202, 42, 64, 5, 0, 2.39%, 0, 0, 2, 3495.19, 7260203, 11072
102259, 202, 42, 64, 5, 0, 2.39%, 0, 0, 2, 0.49, 7260719, 11072
102866, 203, 3, 64, 5, 0, 2.39%, 0, 0, 2, 1.57, 7281333, 11072
102871, 203, 6, 64, 5, 0, 2.39%, 0, 0, 2, 3688.75, 7302562, 11072
103922, 203, 44, 64, 5, 0, 2.39%, 0, 0, 2, 0.47, 7306567, 11072
104902, 204, 34, 64, 5, 0, 2.39%, 0, 0, 2, 0.70, 7325655, 11072
105883, 204, 25, 64, 5, 0, 2.39%, 0, 0, 2, 0.71, 7343607, 11072
105888, 204, 25, 64, 5, 0, 2.39%, 0, 0, 2, 3720.01, 7363058, 11072
106527, 204, 25, 64, 5, 0, 2.39%, 0, 0, 2, 0.67, 7363489, 11072
106532, 205, 22, 64, 5, 0, 2.39%, 0, 0, 2, 3904.52, 7386339, 11072
107515, 205, 42, 64, 5, 0, 2.39%, 0, 0, 2, 0.81, 7394968, 11072
107520, 205, 31, 64, 5, 0, 2.39%, 0, 0, 2, 907.60, 7409180, 11072
108554, 205, 5, 64, 5, 0, 2.39%, 0, 0, 2, 0.59, 7409793, 11072
108755, 206, 4, 64, 4, 0, 2.39%, 0, 0, 2, 3.51, 7426879, 11072
108760, 206, 4, 64, 4, 0, 2.39%, 0, 0, 2, 4983.36, 7446979, 11072
109806, 206, 44, 64, 4, 0, 2.39%, 0, 0, 2, 0.12, 7456627, 11072
110727, 206, 22, 64, 4, 0, 2.39%, 0, 0, 2, 0.52, 7472315, 11072
111634, 207, 4, 64, 4, 0, 2.39%, 0, 0, 2, 0.93, 7488072, 11072
111639, 207, 6, 64, 4, 0, 2.39%, 0, 0, 2, 3181.94, 7506050, 11072
112702, 207, 58, 64, 4, 0, 2.39%, 0, 0, 2, 0.16, 7506220, 11072
112707, 207, 44, 64, 4, 0, 2.39%, 0, 0, 2, 723.00, 7524729, 11072
113680, 207, 44, 64, 4, 0, 2.39%, 0, 0, 2, 0.02, 7524745, 11072
114680, 208, 31, 64, 4, 0, 2.39%, 0, 0, 2, 0.68, 7544142, 11072
115741, 208, 25, 64, 4, 0, 2.39%, 0, 0, 2, 0.70, 7560694, 11072
116765, 208, 22, 64, 4, 0, 2.39%, 0, 0, 2, 0.17, 7581146, 11072
116770, 209, 4, 64, 4, 0, 2.39%, 0, 0, 2, 3718.27, 7599775, 11072
117693, 209, 4, 64, 4, 0, 2.39%, 0, 0, 2, 0.05, 7599818, 11072
118761, 209, 22, 64, 4, 0, 2.39%, 0, 0, 2, 0.40, 7619327, 11072
119792, 209, 31, 64, 4, 0, 2.39%, 0, 0, 2, 0.22, 7636562, 11072
120829, 210, 44, 64, 4, 0, 2.39%, 0, 0, 2, 0.34, 7655105, 11072
121750, 210, 42, 64, 4, 0, 2.39%, 0, 0, 2, 1.03, 7675173, 11072
121755, 210, 42, 64, 4, 0, 2.39%, 0, 0, 2, 3438.03, 7691753, 11072
122754, 210, 42, 64, 4, 0, 2.39%, 0, 0, 2, 0.31, 7692058, 11072
123795, 211, 6, 64, 4, 0, 2.39%, 0, 0, 2, 0.71, 7712420, 11072
124699, 211, 46, 64, 4, 0, 2.39%, 0, 0, 2, 0.77, 7725638, 11072
125704, 211, 5, 64, 4, 0, 2.39%, 0, 0, 2, 0.56, 7741877, 11072
125709, 211, 34, 64, 4, 0, 2.39%, 0, 0, 2, 542.58, 7759000, 11072
126679, 211, 34, 64, 4, 0, 2.39%, 0, 0, 2, 0.01, 7759010, 11072
126684, 212, 25, 64, 4, 0, 2.39%, 0, 0, 2, 4831.50, 7778632, 11072
128328, 212, 25, 64, 4, 0, 2.39%, 0, 0, 2, 0.18, 7778924, 11072
129276, 212, 4, 64, 4, 0, 2.39%, 0, 0, 2, 0.41, 7799042, 11072
129281, 212, 2, 64, 4, 0, 2.39%, 0, 0, 2, 3442.81, 7818569, 11072
130358, 212, 2, 64, 4, 0, 2.39%, 0, 0, 2, 0.08, 7818653, 11072
131390, 213, 5, 64, 4, 0, 2.39%, 0, 0, 2, 0.40, 7839197, 11072
131395, 213, 6, 64, 4, 0, 2.39%, 0, 0, 2, 4037.36, 7859601, 11072
132461, 213, 6, 64, 4, 0, 2.39%, 0, 0, 2, 0.29, 7859909, 11072
132466, 213, 4, 64, 4, 0, 2.39%, 0, 0, 2, 3373.14, 7878510, 11072
133429, 213, 4, 64, 4, 0, 2.39%, 0, 0, 2, 0.26, 7878762, 11072
134456, 214, 5, 64, 4, 0, 2.39%, 0, 0, 2, 0.58, 7897625, 11072
134461, 214, 3, 64, 4, 0, 2.39%, 0, 0, 2, 4321.95, 7917621, 11072
135468, 214, 6, 64, 4, 0, 2.39%, 0, 0, 2, 0.34, 7929230, 11072
135473, 215, 22, 64, 4, 0, 2.39%, 0, 0, 2, 4970.00, 7943698, 11072
136462, 215, 22, 64, 4, 0, 2.39%, 0, 0, 2, 0.42, 7944113, 11072
137418, 215, 6, 64, 4, 0, 2.39%, 0, 0, 2, 0.86, 7958017, 11072
138335, 215, 4, 64, 4, 0, 2.39%, 0, 0, 2, 0.94, 7977204, 11072
138340, 216, 25, 64, 4, 0, 2.39%, 0, 0, 2, 3720.57, 7997753, 11072
139377, 216, 3, 64, 4, 0, 2.39%, 0, 0, 2, 1.29, 8002607, 11072
139382, 216, 27, 64, 4, 0, 2.39%, 0, 0, 2, 3935.04, 8022090, 11072
140321, 216, 27, 64, 4, 0, 2.39%, 0, 0, 2, 0.35, 8022423, 11072
140326, 216, 25, 64, 4, 0, 2.39%, 0, 0, 2, 3911.54, 8044079, 11072
141330, 216, 3, 64, 4, 0, 2.39%, 0, 0, 2, 0.41, 8044486, 11072
141335, 217, 42, 64, 4, 0, 2.39%, 0, 0, 2, 4089.67, 8064824, 11072
141717, 217, 42, 64, 4, 0, 2.39%, 0, 0, 2, 0.23, 8064910, 11072
141722, 217, 3, 64, 4, 0, 2.39%, 0, 0, 2, 3854.89, 8084084, 11072
142758, 217, 6, 64, 4, 0, 2.39%, 0, 0, 2, 0.88, 8094285, 11072
143768, 218, 22, 64, 4, 0, 2.39%, 0, 0, 2, 0.36, 8112297, 11072
144765, 218, 4, 64, 4, 0, 2.39%, 0, 0, 2, 0.59, 8131737, 11072
144770, 218, 6, 64, 4, 0, 2.39%, 0, 0, 2, 3868.36, 8150095, 11072
144796, 218, 6, 64, 4, 0, 2.39%, 0, 0, 2, 1.71, 8150138, 11072
144801, 219, 42, 64, 4, 0, 2.39%, 0, 0, 2, 4066.75, 8171201, 11072
144806, 219, 16, 64, 4, 0, 2.39%, 0, 0, 2, 4250.66, 8189152, 11072
144811, 219, 22, 64, 4, 0, 2.39%, 0, 0, 2, 4084.65, 8209394, 11072
145378, 219, 22, 64, 4, 0, 2.39%, 0, 0, 2, 0.84, 8209872, 11072
145383, 220, 6, 64, 4, 0, 2.39%, 0, 0, 2, 3959.21, 8232248, 11072
146326, 220, 22, 64, 4, 0, 2.39%, 0, 0, 2, 0.56, 8239057, 11072
147138, 220, 6, 64, 4, 0, 2.39%, 0, 0, 2, 0.87, 8261445, 11072
147143, 221, 22, 64, 4, 0, 2.39%, 0, 0, 2, 3633.16, 8282131, 11072
147193, 221, 5, 64, 4, 0, 2.39%, 0, 0, 2, 11.45, 8291000, 11072
147198, 221, 25, 64, 4, 0, 2.39%, 0, 0, 2, 3684.00, 8311258, 11072
147339, 221, 34, 64, 4, 0, 2.39%, 0, 0, 2, 0.28, 8313584, 11072
147344, 221, 22, 64, 4, 0, 2.39%, 0, 0, 2, 3160.11, 8331349, 11072
147349, 222, 6, 64, 4, 0, 2.39%, 0, 0, 2, 3521.43, 8345130, 11072
147472, 222, 58, 64, 4, 0, 2.39%, 0, 0, 2, 7.00, 8346895, 11072
147477, 222, 6, 64, 4, 0, 2.39%, 0, 0, 2, 2094.92, 8358095, 11072
147482, 222, 3, 64, 4, 0, 2.39%, 0, 0, 2, 3937.27, 8371432, 11072
147487, 222, 31, 64, 4, 0, 2.39%, 0, 0, 2, 3025.72, 8385745, 11072
147492, 223, 22, 64, 4, 0, 2.39%, 0, 0, 2, 3730.74, 8405285, 11072
147498, 223, 58, 64, 4, 0, 2.39%, 0, 0, 2, 4179.26, 8427090, 11072
147503, 223, 31, 64, 4, 0, 2.39%, 0, 0, 2, 4211.68, 8448233, 11072
147508, 224, 54, 64, 4, 0, 2.39%, 0, 0, 2, 3659.61, 8464608, 11072
147513, 224, 3, 64, 4, 0, 2.39%, 0, 0, 2, 3850.58, 8484376, 11072
147518, 225, 5, 64, 4, 0, 2.39%, 0, 0, 2, 4200.20, 8506723, 11072
147523, 225, 6, 64, 4, 0, 2.39%, 0, 0, 2, 2019.05, 8523205, 11072
147528, 225, 6, 64, 4, 0, 2.39%, 0, 0, 2, 3144.65, 8540120, 11072
147533, 225, 34, 64, 4, 0, 2.39%, 0, 0, 2, 3356.20, 8556030, 11072
147538, 225, 34, 64, 4, 0, 2.39%, 0, 0, 2, 332.14, 8557682, 11072
147543, 226, 31, 64, 4, 0, 2.39%, 0, 0, 2, 2705.60, 8571861, 11072
147549, 226, 42, 64, 4, 0, 2.39%, 0, 0, 2, 2981.94, 8588549, 11072
147554, 226, 42, 64, 4, 0, 2.39%, 0, 0, 2, 3835.16, 8609147, 11072
147559, 226, 6, 64, 4, 0, 2.39%, 0, 0, 2, 2590.67, 8616899, 11072
147564, 227, 22, 64, 4, 0, 2.39%, 0, 0, 2, 580.19, 8633850, 11072
147569, 227, 4, 64, 4, 0, 2.39%, 0, 0, 2, 4943.38, 8653464, 11072
147574, 227, 22, 64, 4, 0, 2.39%, 0, 0, 2, 2235.51, 8669376, 11072
147579, 228, 42, 64, 4, 0, 2.39%, 0, 0, 2, 3971.54, 8691122, 11072
147584, 228, 6, 64, 4, 0, 2.39%, 0, 0, 2, 4012.64, 8709566, 11072
147589, 228, 22, 64, 4, 0, 2.39%, 0, 0, 2, 3699.57, 8728171, 11072
147595, 229, 6, 64, 4, 0, 2.39%, 0, 0, 2, 3828.04, 8748020, 11072
147600, 229, 6, 64, 4, 0, 2.39%, 0, 0, 2, 4128.34, 8768103, 11072
147605, 230, 42, 64, 4, 0, 2.39%, 0, 0, 2, 4256.27, 8789038, 11072
147610, 230, 22, 64, 4, 0, 2.39%, 0, 0, 2, 3339.28, 8803158, 11072
147615, 230, 42, 64, 4, 0, 2.39%, 0, 0, 2, 3825.45, 8819922, 11072
147620, 230, 5, 64, 4, 0, 2.39%, 0, 0, 2, 3544.97, 8831648, 11072
147625, 231, 44, 64, 4, 0, 2.39%, 0, 0, 2, 3625.64, 8849221, 11072
147630, 231, 42, 64, 4, 0, 2.39%, 0, 0, 2, 4226.85, 8872651, 11072
147635, 231, 4, 64, 4, 0, 2.39%, 0, 0, 2, 4326.70, 8894941, 11072
147640, 232, 46, 64, 4, 0, 2.39%, 0, 0, 2, 3912.78, 8915359, 11072
147646, 232, 42, 64, 4, 0, 2.39%, 0, 0, 2, 5039.49, 8932649, 11072
147651, 232, 25, 64, 4, 0, 2.39%, 0, 0, 2, 4006.36, 8950705, 11072
147656, 232, 6, 64, 4, 0, 2.39%, 0, 0, 2, 3055.93, 8966269, 11072
147661, 233, 5, 64, 4, 0, 2.39%, 0, 0, 2, 2396.15, 8978434, 11072
147666, 233, 58, 64, 4, 0, 2.39%, 0, 0, 2, 1944.79, 8987854, 11072
147671, 233, 22, 64, 4, 0, 2.39%, 0, 0, 2, 3243.82, 9005644, 11072
147676, 234, 22, 64, 4, 0, 2.39%, 0, 0, 2, 4083.36, 9028337, 11072
147681, 234, 5, 64, 4, 0, 2.39%, 0, 0, 2, 3225.00, 9045303, 11072
147686, 234, 3, 64, 4, 0, 2.39%, 0, 0, 2, 3830.51, 9066490, 11072
147691, 235, 6, 64, 4, 0, 2.39%, 0, 0, 2, 4262.12, 9088477, 11072
147696, 235, 4, 64, 4, 0, 2.39%, 0, 0, 2, 4114.92, 9109192, 11072
147702, 235, 3, 64, 4, 0, 2.39%, 0, 0, 2, 3741.72, 9128481, 11072
147707, 236, 34, 64, 4, 0, 2.39%, 0, 0, 2, 3663.12, 9147845, 11072
147712, 236, 25, 64, 4, 0, 2.39%, 0, 0, 2, 4555.04, 9170469, 11072
147717, 236, 3, 64, 4, 0, 2.39%, 0, 0, 2, 4399.02, 9191220, 11072
147722, 237, 6, 64, 4, 0, 2.39%, 0, 0, 2, 3801.01, 9209527, 11072
147727, 237, 4, 64, 4, 0, 2.39%, 0, 0, 2, 4595.96, 9233616, 11072
147732, 237, 22, 64, 4, 0, 2.39%, 0, 0, 2, 2903.49, 9252093, 11072
147737, 238, 4, 64, 4, 0, 2.39%, 0, 0, 2, 3625.96, 9270373, 11072
147742, 238, 4, 64, 4, 0, 2.39%, 0, 0, 2, 4412.89, 9293979, 11072
147747, 239, 22, 64, 4, 0, 2.39%, 0, 0, 2, 4453.15, 9315723, 11072
147753, 239, 25, 64, 4, 0, 2.39%, 0, 0, 2, 3576.01, 9332875, 11072
147758, 239, 31, 64, 4, 0, 2.39%, 0, 0, 2, 522.09, 9346145, 11072
147763, 240, 42, 64, 4, 0, 2.39%, 0, 0, 2, 3889.40, 9363355, 11072
147768, 240, 5, 64, 4, 0, 2.39%, 0, 0, 2, 3881.23, 9382410, 11072
147773, 240, 3, 64, 4, 0, 2.39%, 0, 0, 2, 4049.96, 9402972, 11072
147778, 240, 3, 64, 4, 0, 2.39%, 0, 0, 2, 2832.99, 9420058, 11072
147783, 241, 25, 64, 4, 0, 2.39%, 0, 0, 2, 3529.00, 9437221, 11072
147788, 241, 6, 64, 4, 0, 2.39%, 0, 0, 2, 4287.94, 9459434, 11072
147793, 242, 25, 64, 4, 0, 2.39%, 0, 0, 2, 3967.09, 9479236, 11072
147799, 242, 42, 64, 4, 0, 2.39%, 0, 0, 2, 3374.33, 9496147, 11072
147804, 242, 25, 64, 4, 0, 2.39%, 0, 0, 2, 3199.52, 9509811, 11072
147809, 242, 22, 64, 4, 0, 2.39%, 0, 0, 2, 3951.46, 9522850, 11072
147814, 243, 6, 64, 4, 0, 2.39%, 0, 0, 2, 3482.94, 9540155, 11072
147819, 243, 3, 64, 4, 0, 2.39%, 0, 0, 2, 4039.49, 9560579, 11072
147824, 243, 6, 64, 4, 0, 2.39%, 0, 0, 2, 4265.30, 9583004, 11072
147829, 244, 4, 64, 4, 0, 2.39%, 0, 0, 2, 4170.74, 9602665, 11072
147834, 244, 3, 64, 4, 0, 2.39%, 0, 0, 2, 3969.08, 9623352, 11072
147840, 244, 22, 64, 4, 0, 2.39%, 0, 0, 2, 3627.50, 9641317, 11072
147845, 245, 3, 64, 4, 0, 2.39%, 0, 0, 2, 3808.34, 9659178, 11072
147850, 245, 4, 64, 4, 0, 2.39%, 0, 0, 2, 4008.94, 9679135, 11072
147855, 245, 6, 64, 4, 0, 2.39%, 0, 0, 2, 4102.97, 9696680, 11072
147860, 246, 6, 64, 4, 0, 2.39%, 0, 0, 2, 4031.00, 9716079, 11072
147865, 246, 22, 64, 4, 0, 2.39%, 0, 0, 2, 3838.66, 9736369, 11072
147870, 247, 42, 64, 4, 0, 2.39%, 0, 0, 2, 4205.99, 9757123, 11072
147875, 247, 25, 64, 4, 0, 2.39%, 0, 0, 2, 4160.90, 9777488, 11072
147880, 247, 25, 64, 4, 0, 2.39%, 0, 0, 2, 3936.93, 9796903, 11072
147886, 248, 6, 64, 4, 0, 2.39%, 0, 0, 2, 4099.43, 9818125, 11072
147891, 248, 22, 64, 4, 0, 2.39%, 0, 0, 2, 3873.64, 9836916, 11072
147896, 248, 44, 64, 4, 0, 2.39%, 0, 0, 2, 752.60, 9849705, 11072
147901, 248, 3, 64, 4, 0, 2.39%, 0, 0, 2, 2793.55, 9864620, 11072
147906, 249, 4, 64, 4, 0, 2.39%, 0, 0, 2, 3542.03, 9883174, 11072
147911, 249, 42, 64, 4, 0, 2.39%, 0, 0, 2, 4041.20, 9903611, 11072
147916, 249, 42, 64, 4, 0, 2.39%, 0, 0, 2, 4063.62, 9923970, 11072
147921, 250, 2, 64, 4, 0, 2.39%, 0, 0, 2, 569.94, 9942968, 11072
147926, 250, 4, 64, 4, 0, 2.39%, 0, 0, 2, 4449.73, 9960940, 11072
147931, 250, 22, 64, 4, 0, 2.39%, 0, 0, 2, 4130.84, 9977596, 11072
147936, 250, 3, 64, 4, 0, 2.39%, 0, 0, 2, 1134.61, 9990602, 11072
147941, 251, 4, 64, 3, 0, 2.39%, 0, 0, 2, 3366.62, 10010161, 11072
147946, 251, 25, 64, 3, 0, 2.39%, 0, 0, 2, 3563.36, 10026300, 11072
147948, 251, 44, 64, 3, 0, 2.39%, 0, 0, 2, 3171.01, 10031920, 11072
